1153233
1088385
1417579
1213540
1038943
1144816
1105990
1100751
1305399
1167406
1157058
1184699
1219243
1250899
1030055
1258069
1239182
1087701
1133787
1147775
1273356
1258453
1292009
1380637
1257706
1184485
1267451
1074655
1381818
1246528
1279490
1149281
1352749
1122975
1328964
1094080
1305948
1185237
1031291
1221545
1323017
1338586
1282515
1141376
1270283
1140336
1364618
1298656
1359898
1257500
1169598
1378114
1311747
1396689
1238549
1387423
1311588
1099424
1295428
1109349
1209903
1149781
1399691
1153280
1234932
1040939
1124803
1386942
1200925
1292782
1070112
1044999
1348815
1335022
1286056
1413855
1154623
1033704
1282424
1294030
1219729
1028775
1348929
1264781
1166696
1085348
1235291
1243441
1184863
1305793
1417522
1414621
1051809
1014939
1236170
1128752
1271360
1104677
1224119
1050937
1315565
1077732
1234434
1197688
1410465
1195509
1309886
1263750
1378890
1327863
1322900
1296719
1353819
1301713
1204532
1251608
1191405
1246295
1198268
1381204
1344615
1083997
1238230
1228802
1405721
1101945
1299803
1321957
1029478
1078421
1164015
1311251
1060276
1099930
1349973
1093318
1155518
1294488
1134619
1111036
1266040
1187012
1155333
1145432
1348495
1012473
1115478
1029357
1160454
1300095
1194497
1411796
1292055
1098052
1062188
1173554
1320812
1383372
1211647
1297092
1077498
1077010
1270959
1081205
1173185
1080664
1050564
1263001
1290531
1115945
1223714
1053819
1384690
1149506
1013228
1330600
1094074
1305253
1273689
1221355
1219911
1009018
1216664
1133830
1009431
1061021
1333952
1056171
1067643
1368607
1293132
1185096
1173915
1183726
1397658
1031664
1167646
1163584
1389235
1068643
1233104
1213442
1389135
1302917
1106824
1163168
1122637
1096303
1345062
1268638
1010061
1411793
1333804
1261572
1307776
1384576
1388373
1286257
1382138
1022550
1336355
1401309
1216242
1107641
1277361
1165608
1141181
1069233
1188363
1069988
1078035
1368794
1181521
1079104
1212368
1053387
1091468
1332628
1072936
1409869
1405724
1366556
1162478
1002712
1408817
1321770
1250077
1126392
1057202
1339331
1095672
1084929
1301121
1126749
1303902
1101693
1247596
1258682
1160882
1039797
1307619
1364576
1238498
1166790
1236198
1258189
1304979
1091598
1260894
1036963
1028843
1262984
1044860
1042138
1146186
1061128
1023150
1390075
1300176
1077065
1375037
1294986
1129332
1183911
1312253
1112431
1019622
1111974
1318096
1038385
1235792
1263203
1040357
1402944
1043643
1236549
1012131
1181864
1128246
1186208
1314319
1310130
1199111
1313317
1115049
1385251
1007857
1252142
1278872
1148245
1405311
1389488
1126607
1053486
1291377
1102124
1096992
1149896
1232018
1123856
1244147
1231020
1246209
1018537
1240516
1179942
1031422
1301552
1282805
1052675
1013987
1355738
1238461
1322793
1239409
1141428
1346151
1273799
1171027
1335388
1280414
1008637
1212507
1052438
1090237
1408761
1184615
1041853
1233084
1169095
1080430
1312426
1052514
1299099
1381817
1119582
1366108
1173751
1417764
1404736
1111850
1007570
1324480
1281431
1364869
1308834
1029179
1394708
1360899
1037324
1147916
1398496
1237248
1407015
1305535
1260727
1237802
1149428
1234026
1022494
1307957
1333051
1221195
1149081
1025058
1390901
1211894
1253057
1017398
1335376
1100908
1049772
1149608
1205918
1270451
1157365
1069996
1132753
1087836
1046705
1035082
1098103
1210544
1289076
1161715
1318201
1065074
1215510
1075842
1275390
1290735
1372815
1199574
1153811
1162136
1284714
1150749
1028340
1415779
1036197
1262369
1397610
1380698
1007544
1096669
1175929
1251019
1342611
1289171
1181072
1272397
1286580
1406942
1404369
1032477
1244439
1337714
1181186
1041227
1136775
1029546
1184363
1394899
1334308
1098133
1056204
1048541
1302760
1295414
1106355
1054327
1153300
1151425
1266865
1318705
1255240
1114877
1308012
1284748
1217915
1314734
1237250
1092113
1170040
1014784
1022308
1110233
1175724
1155551
1213933
1214467
1215522
1244841
1092685
1003690
1270817
1071303
1389418
1384905
1055581
1153670
1024661
1113188
1052459
1255047
1006279
1119793
1223794
1186446
1322257
1311343
1135665
1314558
1386318
1329134
1028437
1058019
1357933
1077385
1360142
1283887
1222836
1034259
1045313
1297108
1365426
1224114
1320541
1201955
1275791
1034032
1030660
1051756
1279727
1081494
1027583
1389229
1326286
1112021
1402597
1158972
1069605
1059744
1092491
1321096
1081652
1408034
1156942
1365596
1029209
1015294
1279875
1369754
1387014
1002083
1048142
1198036
1194789
1199425
1070348
1107374
1208555
1073179
1165019
1359808
1013901
1100340
1309474
1192756
1065350
1102848
1132877
1158071
1140393
1166796
1261218
1400741
1411176
1391828
1398653
1254825
1344170
1000615
1081512
1113515
1334640
1044502
1401930
1233365
1338881
1033913
1116229
1085065
1203965
1237177
1020501
1095530
1320248
1402330
1252919
1358374
1361699
1374141
1207062
1194736
1344271
1196216
1002065
1319224
1255355
1035385
1072122
1113214
1175232
1102599
1333382
1184002
1129145
1272048
1057406
1247794
1094674
1251576
1400015
1414537
1030161
1097702
1199204
1341212
1326047
1294439
1079915
1316871
1205048
1259802
1152086
1074241
1063033
1162334
1170608
1136967
1180868
1357507
1398472
1039749
1400406
1286924
1128187
1252023
1070864
1264749
1185484
1294329
1410852
1300807
1002262
1081811
1190669
1067814
1337033
1341851
1106472
1341576
1153547
1084429
1171665
1187241
1245950
1287704
1173222
1003155
1329260
1313101
1149090
1364999
1411951
1190097
1005405
1340466
1188284
1325909
1395117
1252630
1416859
1156774
1249100
1246748
1378903
1408448
1345703
1196991
1227093
1340757
1414110
1386391
1306437
1352527
1228941
1122735
1221613
1288818
1181238
1347142
1227703
1317075
1413866
1164449
1378635
1376772
1210047
1368647
1004016
1346561
1083530
1214035
1254216
1177625
1219321
1380963
1359886
1113159
1230782
1120357
1387937
1194601
1279425
1057056
1366931
1152571
1402350
1413999
1236337
1084291
1235617
1059697
1329690
1333890
1166494
1227151
1231508
1354735
1319124
1383723
1135364
1358322
1100864
1061035
1231618
1229107
1311469
1232578
1040370
1089843
1097403
1136452
1396485
1192498
1330397
1200957
1091890
1213239
1185517
1259553
1047952
1129054
1385972
1070124
1044897
1196596
1153518
1216281
1240810
1089779
1113794
1096526
1337351
1248956
1072717
1302567
1103202
1316210
1275394
1324514
1265729
1372371
1332568
1225316
1067018
1366067
1117558
1375620
1227052
1352774
1095402
1325659
1223235
1099105
1269188
1073419
1142994
1112211
1135928
1297879
1135883
1108370
1006876
1311815
1129813
1281601
1252047
1123922
1213126
1286391
1067970
1219790
1013412
1364249
1051145
1353616
1367117
1236022
1124391
1042346
1331481
1289172
1315074
1145284
1093394
1281091
1021620
1083450
1227813
1222055
1226154
1065004
1351535
1413847
1207042
1027113
1350806
1086919
1357827
1140099
1237365
1389535
1337490
1169665
1263372
1033908
1408700
1402075
1172156
1062179
1014523
1369019
1330832
1356517
1393741
1231052
1350343
1106623
1212083
1331919
1004303
1318491
1248270
1382234
1151299
1021850
1350252
1009000
1067130
1092481
1164639
1170696
1386296
1220692
1226519
1299533
1315004
1380849
1238558
1054956
1135299
1258106
1327236
1015743
1099138
1044591
1208702
1170510
1240345
1032360
1145711
1029605
1356414
1404747
1164915
1036633
1353962
1302805
1229630
1072235
1213582
1363548
1080570
1044842
1160752
1028990
1333327
1247360
1106820
1181041
1145065
1288446
1398154
1176851
1239490
1119241
1102075
1192180
1144791
1089990
1317064
1280104
1222332
1042452
1294136
1340065
1075875
1095020
1208798
1063953
1153267
1340853
1121821
1114751
1097213
1250176
1125641
1126901
1109035
1215709
1412245
1133248
1141525
1129847
1253246
1115835
1171545
1036031
1094314
1268892
1292119
1010168
1242379
1071191
1127232
1215133
1209070
1157899
1060867
1168507
1133470
1234124
1252747
1240592
1041043
1313328
1213620
1151937
1219940
1121121
1282007
1188274
1117200
1088047
1057003
1165326
1339437
1219680
1221759
1173423
1237819
1212331
1035042
1211617
1090218
1013656
1139364
1281995
1194168
1286239
1048468
1207016
1391214
1352379
1066628
1302979
1323965
1265299
1194076
1283404
1199617
1250567
1225306
1332013
1055637
1210327
1353806
1339327
1067963
1058786
1042525
1289792
1382800
1133055
1089761
1343930
1345190
1190528
1232257
1290428
1167201
1012185
1121326
1023235
1066684
1167235
1103250
1297103
1390160
1197542
1113863
1409633
1088630
1031921
1406264
1388476
1020017
1134459
1283352
1149155
1147709
1362995
1251543
1002046
1039482
1243582
1239369
1021164
1316979
1382636
1391470
1299213
1404764
1196747
1309595
1306965
1341411
1069547
1042079
1308281
1078294
1185555
1351512
1282872
1275627
1081508
1238657
1414835
1159460
1112487
1029418
1099608
1411249
1123450
1331011
1357371
1101858
1223741
1048503
1372051
1326083
1192551
1239412
1051336
1357831
1215976
1080550
1118439
1345705
1208351
1175799
1087450
1171541
1149579
1411837
1112347
1368060
1029264
1137712
1204282
1152383
1396329
1224849
1380889
1344333
1191020
1311774
1223860
1040487
1288807
1170078
1331849
1355493
1152424
1373723
1107705
1115313
1089136
1017766
1398594
1347919
1253426
1259119
1370102
1137175
1050445
1293283
1060250
1075930
1319864
1096268
1128399
1280243
1417773
1326154
1047963
1400795
1382609
1153946
1079912
1372282
1117367
1336693
1284881
1299818
1145628
1200893
1079599
1014279
1260698
1387171
1390496
1270061
1381424
1094585
1413017
1206911
1027159
1362712
1362761
1090361
1189273
1177188
1104163
1309101
1018087
1254526
1015091
1396221
1065184
1193320
1265422
1414220
1151321
1252348
1228097
1338927
1312854
1246713
1173813
1337281
1266845
1263156
1223750
1047869
1223420
1251210
1274447
1402802
1314627
1287232
1073674
1080809
1239323
1162073
1163825
1135313
1132727
1358362
1197270
1350945
1219528
1257859
1027022
1227032
1062937
1380975
1134474
1189027
1050138
1197997
1214405
1320887
1123526
1266576
1088132
1056696
1028302
1403516
1126723
1357366
1280252
1232333
1351555
1003434
1179196
1414664
1245972
1295619
1247210
1245264
1379090
1105258
1360159
1312655
1293794
1188851
1121607
1300691
1045636
1093092
1390595
1165914
1197243
1305010
1006293
1043301
1112667
1299338
1203443
1251366
1141801
1395734
1153913
1397213
1273543
1358389
1395375
1089593
1011135
1001957
1264210
1383600
1405806
1218511
1161091
1413333
1074414
1302049
1317621
1385984
1238346
1062503
1411966
1058166
1171638
1055803
1121218
1257518
1030164
1056880
1130931
1323009
1332048
1232016
1368250
1359371
1188707
1141695
1195672
1323582
1020900
1213007
1164891
1138334
1340583
1025711
1036793
1084139
1413494
1284939
1336590
1207130
1042768
1185379
1341253
1259243
1235050
1338565
1108696
1185853
1374916
1176004
1155040
1096781
1206381
1090244
1099857
1001710
1318939
1282597
1179900
1130725
1115869
1042993
1094126
1025273
1417624
1198039
1394072
1336881
1237034
1199081
1125135
1111300
1029075
1174072
1224560
1143881
1205613
1313356
1286424
1114418
1109372
1400099
1255005
1143821
1290432
1377634
1147051
1065893
1124050
1252846
1127033
1046489
1170729
1385265
1186361
1399535
1180833
1205143
1391829
1007840
1164519
1093630
1168889
1088348
1233797
1034218
1018506
1363569
1048959
1040065
1205519
1052457
1302195
1146600
1383361
1173745
1124958
1354843
1330177
1136348
1033844
1068948
1226554
1069554
1276545
1305431
1236582
1142274
1053080
1417684
1341856
1336412
1406888
1344028
1401730
1338176
1130613
1087324
1187964
1331969
1315718
1393029
1260100
1233630
1387043
1045424
1189983
1406384
1095442
1030099
1237113
1029115
1137568
1387316
1163753
1182312
1095736
1372120
1194355
1144105
1279164
1003669
1059277
1240379
1027148
1350606
1145523
1264981
1142037
1346119
1316066
1187895
1123873
1171843
1154552
1139766
1135052
1052470
1180952
1306736
1109965
1046257
1120109
1172413
1270923
1236955
1320813
1338292
1255939
1416414
1411588
1185763
1374413
1310848
1348122
1028943
1334979
1249671
1284482
1232637
1165540
1316046
1301315
1270690
1308700
1070665
1060751
1271254
1032507
1277902
1341721
1236652
1360292
1402154
1138525
1033614
1247022
1356307
1188791
1404939
1082563
1023785
1417690
1057493
1246723
1120134
1265139
1314358
1334485
1010762
1328788
1107722
1237032
1259257
1064021
1170597
1315903
1386228
1059318
1272825
1135329
1383958
1374862
1297106
1189838
1090291
1132030
1001393
1034244
1133498
1143579
1289512
1221822
1359189
1323864
1091763
1384531
1042392
1025377
1007741
1222147
1241278
1166825
1184331
1254742
1248311
1162918
1166764
1211160
1221160
1408703
1097341
1197253
1171142
1071484
1309675
1139363
1239131
1323498
1334226
1041202
1002970
1185146
1195665
1069105
1079398
1038838
1371722
1315216
1345901
1357317
1329108
1257443
1238655
1279853
1079039
1166722
1038305
1167204
1179654
1334092
1377494
1104940
1263898
1203616
1345453
1050691
1279711
1148622
1320566
1416117
1380912
1265818
1139804
1061255
1350296
1350073
1248089
1084181
1335983
1118607
1358187
1092871
1349150
1341871
1408521
1361240
1037158
1112246
1182559
1031462
1279777
1376232
1248493
1353789
1300391
1099333
1133682
1374327
1412952
1015911
1170749
1206709
1372418
1228880
1332846
1073925
1316680
1097725
1203623
1260477
1195650
1327266
1131133
1243711
1121253
1264727
1274203
1157834
1212042
1086263
1182505
1376171
1091783
1369599
1188843
1149009
1219367
1153855
1208152
1238811
1173007
1257263
1391261
1108000
1182593
1311839
1185679
1183316
1206745
1346188
1276171
1026426
1357086
1381421
1180452
1227815
1127825
1245771
1258923
1004431
1394595
1295973
1042069
1181024
1247796
1267694
1267354
1209401
1381016
1073298
1218649
1288716
1222825
1287397
1221837
1386122
1277621
1260985
1397176
1282243
1174326
1289110
1106088
1103524
1017749
1056071
1095389
1118943
1039262
1178293
1064876
1060552
1416943
1015295
1114451
1090928
1116811
1210748
1367259
1001224
1365261
1055537
1091161
1389091
1236986
1255191
1348602
1153308
1396038
1336906
1327282
1143736
1235459
1175219
1018108
1133751
1087204
1296813
1329439
1407928
1112203
1274098
1287950
1176129
1072034
1200578
1091288
1000596
1321371
1362849
1340732
1093135
1031851
1310534
1002264
1167266
1187778
1179079
1356137
1244950
1382932
1047379
1012489
1228468
1005644
1328369
1373153
1096265
1072496
1380075
1177395
1346716
1387408
1367410
1322368
1359524
1302606
1271034
1167002
1345609
1280464
1110174
1363394
1208404
1013231
1226168
1047189
1374966
1385790
1357905
1172499
1327632
1005315
1080418
1032816
1361572
1032722
1382246
1387431
1374900
1167236
1337761
1255583
1109751
1125037
1237744
1323661
1063590
1020088
1350462
1216730
1135685
1388175
1267111
1320447
1151592
1145638
1114321
1147089
1163709
1374642
1289655
1359179
1024724
1179857
1005717
1204085
1063311
1073545
1387148
1196239
1194609
1258776
1258554
1052450
1372365
1318447
1051398
1204328
1399841
1405014
1222754
1119696
1308116
1064925
1231528
1086832
1089266
1131894
1208532
1270758
1125595
1296744
1085294
1368634
1243025
1256937
1161609
1267514
1136409
1226602
1279845
1416008
1392526
1384316
1206343
1200249
1414619
1392765
1308444
1200748
1333515
1145245
1015067
1305264
1359182
1015721
1321341
1085439
1047423
1047465
1410666
1319685
1240738
1207796
1276733
1051003
1042333
1187647
1154055
1226437
1355642
1280159
1258220
1212762
1097806
1408920
1235288
1012951
1028932
1302648
1196257
1197662
1264363
1167635
1332642
1231634
1173231
1384039
1261350
1001023
1270862
1374625
1352482
1204468
1162986
1075583
1361111
1268517
1008827
1223747
1211162
1200715
1180412
1173625
1181477
1154618
1160631
1062606
1413735
1093032
1159235
1204488
1400757
1107413
1355462
1353989
1271459
1175285
1195798
1126330
1180190
1126174
1077115
1209720
1077846
1333930
1118965
1140700
1415634
1080488
1086814
1378742
1205317
1328366
1065406
1135237
1262265
1223150
1186412
1388389
1356486
1082951
1026625
1311818
1206448
1395665
1206074
1372952
1184477
1377790
1389526
1146228
1342138
1178567
1194485
1235806
1164577
1204194
1322665
1169025
1060310
1187501
1291362
1401677
1142099
1243492
1309451
1398511
1330497
1008054
1198324
1172767
1412503
1271359
1000091
1416769
1171756
1036151
1113263
1299439
1192155
1385384
1297610
1168489
1142538
1078611
1199158
1053419
1044275
1276070
1057271
1087176
1331360
1259120
1225686
1099536
1232111
1093981
1187356
1314599
1026270
1096294
1106764
1300503
1298351
1215312
1262147
1276807
1086692
1086207
1356275
1174543
1374545
1320878
1123457
1040069
1190668
1357241
1387170
1133569
1001704
1021243
1275451
1019266
1140820
1010761
1010197
1350319
1186751
1014604
1075066
1271647
1082405
1049492
1201457
1371088
1138840
1190970
1378458
1017580
1107163
1325320
1147358
1217149
1001157
1206539
1299703
1396211
1129190
1145775
1207495
1374666
1051194
1407300
1021914
1095492
1384166
1171851
1000075
1342381
1012734
1369427
1362108
1405786
1179827
1140128
1092561
1262684
1261810
1084747
1291504
1389071
1384410
1120479
1284445
1272932
1409223
1144492
1238345
1405780
1237243
1318918
1382852
1187449
1102346
1331602
1184088
1061974
1068542
1055329
1356147
1146690
1055022
1215512
1298359
1387365
1030343
1103189
1186422
1152143
1349573
1327297
1414725
1133402
1035800
1022035
1364622
1315962
1039788
1342893
1348443
1319330
1058320
1073838
1412580
1374632
1350651
1330266
1055547
1201366
1260557
1312934
1336772
1069662
1163154
1184911
1165031
1042298
1105101
1152685
1040920
1251214
1003826
1334589
1105651
1205595
1306179
1111081
1000594
1245344
1056416
1337851
1161404
1371306
1057300
1093997
1238249
1286598
1415251
1361309
1272914
1262559
1013378
1062873
1369836
1066143
1186318
1341977
1115330
1290216
1102116
1012258
1014579
1349530
1398846
1092207
1184846
1043709
1385022
1320936
1311525
1114333
1028274
1080324
1092246
1308983
1341946
1242006
1300425
1244491
1315255
1281871
1140775
1232791
1356693
1273724
1394629
1065618
1057045
1274731
1133819
1170410
1328670
1406576
1340386
1088273
1060496
1317085
1215223
1118859
1157440
1027239
1183905
1301003
1138766
1297832
1272590
1154657
1187701
1079017
1397866
1020641
1363829
1035598
1385040
1343690
1173608
1186266
1127223
1254843
1263252
1368661
1386129
1044657
1410980
1050289
1346663
1179324
1345035
1287034
1290795
1198511
1060577
1409087
1267269
1248167
1138809
1023157
1361743
1303683
1026069
1078654
1055316
1183737
1163332
1051757
1062125
1182402
1281399
1141269
1322625
1395337
1391871
1057806
1217767
1102814
1181513
1009908
1217039
1396725
1019797
1168384
1019287
1228670
1262837
1279720
1008559
1348259
1124918
1268258
1235495
1247807
1390656
1341044
1149438
1365678
1070127
1127302
1216312
1198882
1359462
1193111
1313591
1215878
1005519
1354722
1245485
1375381
1299850
1095621
1157731
1387840
1300230
1379602
1331896
1206157
1261288
1211564
1238013
1240243
1169680
1237330
1244298
1240696
1091627
1308262
1098871
1167309
1323379
1294097
1253752
1312183
1136783
1381141
1196174
1187857
1260354
1165829
1035440
1276606
1257124
1300572
1242909
1159923
1124178
1176295
1216752
1147423
1137518
1357947
1310777
1031393
1023346
1056600
1069558
1383488
1417450
1308007
1142775
1318383
1096896
1142344
1387875
1341579
1003721
1396265
1330542
1403705
1157877
1193845
1279939
1291082
1357719
1011794
1137882
1266528
1389260
1083552
1116173
1314375
1399970
1277215
1009050
1236256
1067861
1039810
1295307
1188310
1382624
1392040
1282233
1149737
1375639
1130906
1046244
1383682
1046349
1384901
1011060
1050031
1104069
1334182
1032422
1155859
1221453
1397326
1255101
1015671
1382323
1057146
1057996
1371387
1366830
1307467
1047957
1395575
1340362
1407508
1214886
1064019
1279673
1163902
1392124
1201171
1095457
1197455
1395564
1306150
1379943
1127451
1383752
1310364
1194818
1219514
1235409
1333553
1233009
1073709
1373598
1408902
1110387
1175191
1075998
1065077
1380477
1203240
1365959
1385461
1000374
1386257
1014713
1093837
1117064
1209681
1040122
1023036
1412944
1319577
1350233
1145158
1177605
1325677
1322182
1315838
1014812
1316924
1175674
1068368
1218865
1118458
1118025
1065061
1267975
1130536
1191002
1284415
1276006
1036928
1388891
1010946
1127210
1238081
1305246
1055213
1204273
1282076
1287020
1316572
1339593
1077706
1275682
1380800
1014913
1255250
1328010
1272846
1167384
1395644
1351021
1392046
1322121
1232817
1354738
1091250
1140619
1266396
1084581
1128519
1395555
1306485
1128003
1047370
1059897
1406853
1183419
1118408
1171687
1395093
1130558
1152041
1267142
1316520
1042597
1192219
1287021
1185539
1326457
1106135
1315448
1326407
1374391
1089700
1241353
1395902
1209370
1148028
1020741
1081730
1349421
1159725
1244867
1118960
1293508
1092109
1365233
1143829
1197487
1180579
1082794
1306603
1367562
1325393
1225575
1318792
1148125
1015167
1029051
1165480
1221934
1195969
1165341
1226386
1235693
1321111
1312284
1211930
1292719
1113561
1298183
1155597
1415116
1157825
1179840
1037668
1300229
1351623
1252197
1406315
1063687
1100000
1266220
1397356
1352226
1128019
1077261
1205439
1269304
1347202
1026686
1069163
1216740
1376524
1195284
1266631
1316142
1329541
1083016
1018235
1338054
1160223
1288438
1049317
1155386
1125856
1025352
1219650
1113816
1326794
1249944
1126325
1209421
1416779
1250634
1122286
1040116
1178137
1297534
1396719
1320827
1027467
1201025
1015005
1306533
1146221
1248978
1158378
1321875
1384827
1049043
1086401
1182265
1347819
1089252
1242034
1161728
1197427
1235324
1239005
1049077
1162399
1207583
1158223
1334152
1361060
1400514
1159501
1307975
1073216
1348704
1310868
1074323
1356699
1337525
1282497
1071658
1188862
1015243
1293222
1266076
1090781
1319556
1224209
1048447
1073207
1256018
1255611
1389436
1208250
1338847
1155264
1374499
1160761
1188815
1251560
1063029
1145902
1013387
1043975
1198004
1360451
1334363
1236261
1271503
1287800
1189708
1363261
1039544
1406201
1281515
1003353
1222089
1269457
1296435
1227147
1038825
1373949
1019548
1304869
1360187
1139401
1017291
1375260
1054702
1277919
1344824
1283278
1204583
1011686
1091979
1160432
1143163
1354401
1003348
1375798
1280765
1056822
1296844
1322362
1184105
1337871
1188613
1209940
1362693
1242586
1155143
1243254
1056217
1009705
1179199
1072815
1232711
1375016
1016347
1152703
1323814
1071109
1376797
1108381
1369941
1225794
1000579
1276316
1072159
1314362
1151643
1001762
1003499
1293718
1402911
1322627
1391306
1204341
1280900
1400158
1385403
1299939
1181325
1400398
1010931
1102241
1048618
1378554
1049874
1290487
1213029
1250741
1113529
1062459
1364610
1178794
1081583
1210271
1308721
1414429
1259890
1234695
1226016
1332821
1347946
1068586
1017266
1234718
1101915
1044023
1037362
1277966
1338145
1244879
1380674
1298831
1333452
1348001
1095167
1021150
1369877
1101985
1036548
1417193
1407879
1200121
1102666
1294494
1112550
1184475
1120183
1104687
1091984
1302265
1037904
1379091
1367972
1220868
1231769
1385559
1090002
1405685
1411452
1080906
1246390
1413203
1257767
1318204
1391348
1204362
1401773
1150464
1363222
1216685
1347445
1215619
1282747
1125358
1076815
1104467
1087937
1149097
1262401
1399893
1106163
1120160
1055236
1112311
1089936
1189689
1344369
1063586
1216781
1225880
1261750
1205882
1208945
1035826
1330580
1412436
1155399
1011340
1292642
1399576
1349875
1229923
1254741
1335736
1283391
1282183
1129254
1246372
1007090
1225752
1218435
1352740
1040179
1361855
1275662
1408968
1398483
1208274
1290184
1378190
1060897
1178314
1375940
1392357
1293377
1288913
1190297
1113605
1416693
1080942
1072167
1197744
1043459
1329498
1064359
1344669
1210847
1280683
1144306
1402217
1021980
1122114
1194764
1400077
1176683
1150427
1293999
1144765
1257692
1261177
1382133
1063646
1113519
1318115
1058693
1178764
1138144
1356456
1379967
1188241
1371978
1241261
1157956
1406715
1199610
1252038
1365193
1312789
1371787
1210290
1281781
1190706
1000139
1188010
1290992
1399216
1313071
1102580
1284370
1129442
1189844
1112071
1185304
1351162
1113650
1200565
1104384
1360321
1100914
1213841
1293320
1090029
1191710
1395398
1093326
1066602
1411222
1001735
1187750
1086017
1049655
1199056
1050255
1249298
1043800
1014165
1045895
1149731
1360271
1093464
1296950
1291832
1318153
1119125
1309600
1109702
1308446
1292289
1277226
1115040
1040684
1051465
1337474
1128094
1327112
1328959
1407345
1166834
1260323
1219819
1102646
1219375
1141839
1032842
1140275
1287626
1185045
1039079
1117827
1306974
1247134
1015611
1156718
1174982
1047668
1324534
1228316
1087827
1249090
1349624
1047354
1043347
1120327
1097379
1234569
1265804
1121382
1150775
1028975
1264115
1159322
1164426
1336526
1070816
1417111
1253544
1235232
1120259
1171445
1391182
1150689
1336024
1378738
1062806
1222343
1036726
1252410
1091947
1343627
1120110
1099763
1146130
1117978
1007646
1118656
1233695
1126406
1002820
1199366
1245258
1020736
1394198
1241382
1382619
1339915
1074664
1005000
1069704
1382254
1407721
1122982
1128692
1344495
1366941
1022289
1380638
1048155
1023610
1041399
1177005
1084300
1231008
1371041
1281646
1062158
1205438
1031425
1019350
1133567
1273700
1160258
1355219
1403258
1240257
1282045
1005159
1370585
1336168
1103309
1181968
1369784
1401801
1389941
1417457
1113483
1327523
1286499
1096763
1081322
1137081
1284474
1343940
1034858
1261133
1276121
1292630
1277219
1141049
1018115
1006464
1159747
1268728
1344194
1300417
1161846
1021234
1115776
1219473
1315582
1405285
1316747
1190835
1038814
1331281
1089124
1376500
1317961
1034166
1040005
1385116
1083970
1092328
1070950
1246225
1177781
1396475
1140669
1351065
1299153
1376369
1406023
1163885
1139208
1019325
1057304
1172319
1270993
1387155
1343950
1128673
1147979
1078756
1168448
1393387
1076334
1110158
1302197
1145058
1107457
1382978
1082497
1336648
1214905
1136729
1409096
1371427
1317752
1403026
1180193
1212669
1333090
1112235
1405165
1094560
1172052
1360602
1081798
1353456
1035529
1380689
1048524
1257270
1008113
1182348
1083731
1354911
1040285
1090335
1146844
1198813
1152556
1197363
1070911
1277490
1352437
1002615
1259551
1022547
1023736
1343850
1046633
1254432
1381627
1064157
1343398
1045432
1182711
1087607
1033337
1320734
1157524
1405986
1144214
1307676
1022386
1380087
1142629
1048067
1398757
1228817
1391822
1169528
1112841
1392487
1377071
1312310
1226667
1062340
1122978
1263168
1250797
1359033
1296467
1361452
1307908
1275370
1321813
1399261
1376615
1303588
1052495
1153709
1262231
1339311
1199299
1150267
1347454
1006455
1166025
1253336
1129735
1002445
1242222
1367233
1341211
1078869
1207082
1364202
1416650
1206358
1019726
1352604
1329562
1238043
1271149
1059011
1291730
1265851
1386070
1265581
1050455
1332899
1030365
1297740
1272084
1081173
1340402
1407546
1177564
1131211
1198417
1054027
1288155
1150064
1028282
1196433
1092734
1200817
1265543
1261195
1261191
1206151
1273991
1380911
1094699
1153198
1235716
1321871
1061507
1023265
1337282
1170107
1408735
1177171
1287967
1175185
1200312
1129406
1113666
1085661
1226184
1002974
1402386
1010765
1088268
1407646
1408741
1356559
1291677
1123316
1226302
1406741
1114543
1284801
1342280
1164550
1015872
1185475
1035810
1322476
1367297
1404446
1048442
1398417
1416426
1111271
1264220
1336574
1414365
1141433
1051235
1064410
1269197
1006230
1181970
1094381
1392974
1353389
1307761
1289603
1140603
1190837
1034621
1140971
1259693
1334601
1180218
1061194
1388058
1302179
1335926
1125981
1158930
1236542
1391229
1172955
1244423
1204290
1402871
1399765
1378849
1386663
1056775
1152521
1005076
1350320
1408226
1301945
1039498
1310909
1145062
1348963
1287538
1039736
1127671
1160062
1010796
1338870
1372678
1052286
1021423
1067237
1184117
1114014
1288503
1380006
1245756
1034314
1258885
1255982
1124439
1001903
1384312
1339930
1395137
1153424
1123921
1154532
1266343
1349867
1298716
1231655
1022814
1089473
1049001
1028300
1062587
1014022
1101981
1305690
1076873
1053386
1264745
1185570
1024351
1337635
1354610
1400269
1262875
1416333
1057822
1215259
1286781
1026381
1137236
1095981
1195881
1035841
1200771
1061884
1384658
1147731
1137383
1326227
1149939
1269665
1053940
1406905
1296460
1201226
1339834
1056739
1058010
1327388
1169179
1216790
1174697
1292824
1355566
1180763
1060152
1123850
1193153
1407421
1316950
1230815
1001508
1163222
1317742
1014802
1083812
1206029
1388926
1229470
1380663
1279498
1099107
1348227
1357408
1266471
1194898
1286182
1397607
1096003
1269985
1107841
1178407
1312793
1166178
1098257
1146026
1174435
1245791
1253978
1178582
1116057
1408356
1142789
1224980
1310519
1355855
1035332
1334898
1040108
1271363
1077105
1096851
1257579
1083947
1067719
1379636
1234042
1020516
1357235
1212586
1021180
1352574
1280463
1055867
1029407
1249561
1248815
1409966
1322984
1153666
1394501
1072596
1060421
1104935
1358055
1106074
1390662
1156930
1102971
1225610
1075412
1201975
1284263
1121105
1417348
1102840
1028516
1196230
1246751
1206626
1100742
1230973
1383790
1051050
1219500
1374869
1128205
1354055
1251831
1259483
1379023
1339623
1199700
1305874
1281823
1132477
1019381
1130069
1305341
1290103
1079695
1195068
1164610
1390992
1320028
1120086
1256871
1290577
1278638
1237552
1229735
1244651
1165866
1398674
1086216
1025333
1308948
1221814
1396486
1359730
1305587
1392718
1170436
1018461
1161261
1124806
1057779
1273282
1247588
1289587
1194922
1252097
1001682
1217906
1030912
1291116
1165142
1035514
1106017
1358107
1055505
1051214
1109608
1353372
1104573
1100207
1125590
1279736
1321526
1152160
1229894
1071764
1325096
1293952
1008931
1198671
1313625
1271879
1084025
1124422
1122514
1228463
1297184
1171485
1159788
1176941
1040015
1277367
1198085
1087925
1321095
1343710
1326405
1218110
1146773
1374830
1164242
1280971
1354391
1134222
1360535
1389589
1020658
1007215
1015732
1160247
1277981
1027478
1380090
1179046
1199954
1003573
1395102
1311984
1405573
1329330
1404459
1348740
1244305
1234320
1095121
1111148
1254829
1003251
1190790
1323587
1073795
1087648
1339336
1307400
1113300
1203261
1149892
1251325
1202354
1387745
1375385
1051403
1034458
1403115
1228248
1170879
1011872
1044102
1270314
1410237
1098266
1202707
1376592
1035396
1052403
1402134
1160480
1176652
1257797
1133351
1345608
1226567
1179057
1211266
1268127
1245881
1310454
1230549
1298211
1174433
1251472
1341315
1391193
1080381
1233724
1408689
1218618
1348264
1241216
1076797
1162913
1311308
1276886
1261242
1194473
1370105
1230073
1315033
1082307
1239929
1286044
1131366
1185967
1304830
1237172
1117273
1218739
1094651
1249450
1087909
1151534
1107970
1053651
1096550
1062120
1200328
1268299
1104450
1013732
1307140
1200438
1338294
1047420
1101715
1095429
1028683
1053854
1088512
1375584
1078922
1359592
1366321
1266302
1059332
1146461
1027191
1129811
1284530
1213480
1160471
1387833
1216558
1283150
1388107
1014113
1414643
1368756
1002657
1397279
1265420
1141262
1287569
1315575
1394493
1095411
1071826
1126432
1295806
1389163
1354643
1242158
1105948
1403178
1009211
1093179
1249821
1057111
1233914
1296602
1368627
1389118
1194864
1091834
1382102
1159155
1052831
1379311
1079963
1236596
1118019
1070826
1152988
1412168
1377919
1168099
1189529
1390698
1393007
1035591
1312500
1413151
1026580
1341429
1325701
1372274
1193354
1383619
1367877
1392263
1077580
1316251
1415687
1338924
1176371
1012188
1004026
1295532
1344164
1161170
1335766
1216698
1257208
1062846
1248765
1203018
1009562
1139665
1108593
1314727
1020681
1123021
1206290
1190312
1056101
1235363
1179076
1223468
1148126
1324121
1332380
1259116
1277431
1211004
1222502
1352898
1412558
1372997
1183111
1217012
1119771
1247653
1120661
1011402
1408070
1115524
1385968
1327741
1140533
1199608
1239578
1298319
1173615
1096692
1000965
1293783
1024722
1304370
1081921
1408046
1317357
1230690
1161811
1274351
1084468
1050664
1279281
1294504
1377280
1386066
1127954
1292220
1060842
1118483
1134084
1360223
1295761
1252564
1101040
1180031
1103406
1029048
1401201
1145821
1053025
1069013
1175719
1142608
1171173
1153937
1159741
1126476
1206995
1310508
1067157
1123745
1160773
1352335
1411060
1243505
1310740
1092070
1259264
1382862
1221596
1125472
1316476
1326723
1413611
1225274
1196196
1347147
1393524
1026966
1194269
1202008
1351927
1359515
1210055
1068986
1389134
1279645
1097790
1254464
1170544
1290504
1314619
1034486
1062242
1395489
1046829
1389551
1201237
1207283
1394405
1042759
1016458
1037920
1077029
1281956
1012666
1404895
1398802
1376175
1025669
1150939
1383993
1255971
1359138
1356803
1000944
1361763
1066851
1388839
1377798
1058862
1366867
1195576
1278290
1219721
1235866
1044224
1298911
1283235
1069004
1413247
1414085
1231943
1070401
1328488
1397973
1197414
1150952
1157326
1398087
1331080
1317401
1050558
1272767
1023399
1079634
1311382
1379683
1371191
1299246
1127953
1265470
1274470
1284725
1329813
1236526
1349651
1104393
1015539
1371404
1373955
1126980
1131293
1379036
1070145
1137185
1080364
1091970
1158175
1030534
1399700
1258508
1007040
1166508
1010349
1208145
1094620
1049930
1042961
1094913
1083036
1158928
1149226
1346995
1149265
1270795
1344217
1406477
1187223
1066082
1310455
1366524
1083073
1310437
1201462
1117842
1021387
1060852
1001654
1054842
1276941
1321628
1392004
1019139
1246921
1286091
1037657
1226204
1153020
1088062
1388977
1094596
1414515
1184025
1024798
1411813
1313225
1154556
1405700
1414100
1391536
1270632
1050874
1373536
1227579
1191515
1368656
1133369
1220853
1360315
1291993
1299754
1347288
1100251
1252028
1009180
1331768
1355358
1019693
1230326
1264532
1365864
1222442
1202196
1144232
1308783
1305831
1009560
1211404
1148879
1405477
1392435
1144445
1252343
1017251
1000857
1131127
1165022
1256066
1348365
1268368
1045755
1215853
1331697
1332283
1263005
1172191
1272041
1249441
1182192
1081126
1115932
1225825
1259403
1180963
1399978
1122645
1190239
1044391
1255863
1242124
1328279
1395105
1190785
1092017
1020686
1401374
1197217
1362277
1401721
1056415
1407980
1157157
1146380
1172707
1396031
1095238
1320925
1121317
1059311
1354960
1180965
1321763
1352909
1059269
1225326
1099893
1359688
1382591
1207535
1144972
1245416
1405598
1353945
1247666
1044491
1358085
1283007
1176316
1225148
1132545
1360785
1374367
1179614
1226339
1414488
1178887
1056370
1013769
1123289
1271875
1235188
1210839
1370137
1230727
1148916
1310949
1029165
1021195
1323937
1178394
1300943
1243540
1129779
1063441
1200921
1340294
1194032
1093028
1064244
1156045
1178294
1128411
1255429
1060081
1075304
1070175
1298667
1415784
1117182
1163956
1255086
1089624
1185432
1152461
1132103
1237346
1230499
1274875
1351260
1021838
1219468
1371268
1012251
1003670
1081212
1024658
1191213
1055282
1233117
1176229
1313081
1089205
1342992
1240485
1233956
1044895
1158154
1296279
1051126
1253725
1380403
1157331
1341810
1283576
1201883
1052241
1052927
1363970
1135682
1184558
1181509
1133600
1171036
1261896
1083430
1016897
1258067
1083118
1333453
1374484
1130361
1403966
1257159
1379766
1170233
1167696
1379181
1313627
1210104
1034668
1320458
1236991
1065708
1331267
1023164
1221117
1251807
1189999
1317433
1323544
1220639
1220441
1053732
1255076
1243571
1331430
1304564
1042351
1308170
1110099
1180961
1264138
1358889
1218691
1332658
1127567
1051510
1056516
1410579
1122529
1400287
1093929
1262768
1059708
1362766
1097676
1396436
1081469
1296407
1348380
1079069
1316936
1393412
1404814
1388214
1127208
1008839
1197172
1197678
1406460
1172662
1267765
1389613
1108744
1385417
1392523
1220104
1050927
1245161
1063906
1185850
1189129
1073137
1339499
1211603
1303033
1178350
1137736
1209341
1324432
1416697
1200324
1283676
1139146
1305091
1060788
1179277
1004862
1007044
1222069
1182926
1188175
1366018
1273667
1343380
1320835
1264563
1348149
1358064
1194694
1334008
1003620
1052275
1079709
1108145
1036716
1351095
1228266
1400887
1118135
1048110
1007489
1144046
1126823
1199807
1251620
1135563
1220521
1079821
1387851
1058910
1405138
1062489
1191893
1236504
1393176
1230786
1074459
1133008
1239381
1330137
1075903
1410240
1274670
1226365
1144804
1343888
1109638
1290651
1023615
1109225
1268075
1361423
1164176
1007640
1098279
1060323
1341595
1204962
1331535
1354361
1321183
1073091
1336319
1153929
1079605
1321382
1057902
1086366
1286137
1270577
1291255
1188155
1349526
1128155
1252506
1357841
1258800
1066111
1053160
1184445
1244031
1059250
1152058
1105225
1283085
1403118
1283106
1302748
1302006
1091068
1405283
1298629
1153436
1213554
1155746
1247633
1268993
1306653
1144783
1005431
1016357
1094787
1097568
1322611
1255714
1164526
1008526
1383040
1400496
1341255
1132508
1122133
1227817
1183116
1143827
1092030
1326429
1191785
1029311
1377232
1002680
1170984
1329560
1388984
1250887
1203289
1111696
1092633
1012587
1314881
1090059
1066454
1121411
1261426
1010394
1390587
1115973
1218542
1254064
1228055
1222473
1106702
1171577
1190737
1364348
1270164
1384049
1410407
1036988
1284980
1216358
1404953
1283747
1260042
1387768
1415907
1343753
1263083
1202750
1277840
1203436
1398297
1216779
1161664
1128720
1313327
1213872
1170802
1035017
1328694
1139169
1273983
1345430
1252531
1143465
1076562
1351012
1294120
1250012
1160696
1190684
1391386
1132478
1196828
1079005
1040718
1359680
1126777
1035732
1380274
1395360
1061494
1183867
1074803
1288996
1189606
1194221
1163227
1372199
1050980
1393569
1158514
1196300
1299923
1108600
1405259
1024801
1195254
1296786
1378257
1033555
1144988
1184324
1136630
1361800
1122009
1063114
1177835
1321895
1145954
1106064
1269745
1356900
1231248
1406097
1415213
1142534
1170275
1351519
1254129
1094857
1060786
1308195
1109643
1167896
1174667
1275434
1007883
1224475
1137095
1362350
1323959
1330023
1358778
1413048
1147471
1192202
1386148
1023171
1382466
1327868
1192686
1309973
1159054
1406881
1248821
1193135
1366839
1303376
1143335
1234762
1327581
1072890
1117714
1296646
1359092
1034572
1191122
1408121
1384322
1200321
1371725
1152348
1256846
1029399
1100808
1011517
1053441
1278958
1237946
1131688
1188971
1247522
1136771
1355471
1100936
1027305
1029412
1091435
1123266
1154808
1051515
1160357
1405630
1224270
1278793
1128985
1111772
1043386
1344921
1118642
1176288
1330407
1097067
1272213
1045481
1355488
1396235
1066074
1354058
1002618
1223715
1209839
1125315
1274559
1234319
1272418
1041928
1111068
1084419
1041523
1214557
1371321
1333127
1316765
1246186
1397482
1253117
1030473
1118089
1055057
1192889
1008550
1219257
1249902
1052752
1082203
1133747
1293913
1117643
1286268
1290939
1004000
1163056
1396851
1254887
1349692
1213514
1204746
1183056
1174075
1260756
1098594
1167063
1343455
1177972
1106223
1118468
1030200
1288400
1064622
1374292
1330205
1338429
1234146
1303792
1323261
1382521
1315482
1276088
1399133
1247363
1396530
1182198
1305244
1167278
1406310
1352894
1268873
1273399
1109009
1075534
1271785
1064802
1367697
1212457
1066889
1314145
1244933
1278181
1201356
1346618
1244851
1384167
1306219
1120269
1014004
1105042
1281542
1122587
1365733
1351616
1053487
1021086
1302632
1307932
1277861
1383324
1087919
1105547
1117125
1182817
1248045
1097326
1276994
1311250
1082318
1348875
1248696
1159492
1264779
1198690
1271435
1183290
1292957
1388365
1247138
1011847
1389188
1380438
1282266
1195272
1050264
1133495
1221426
1226307
1408404
1401751
1201097
1217233
1311322
1168120
1058304
1074447
1392766
1011254
1214930
1131708
1340491
1325927
1358841
1384520
1022037
1013373
1047429
1278497
1181814
1304448
1371731
1112184
1229931
1123380
1045740
1381015
1319746
1013519
1175167
1002412
1141051
1039145
1310566
1106687
1320059
1323342
1311239
1128718
1099917
1196701
1251719
1207600
1163130
1239720
1415773
1183321
1211235
1235254
1385842
1310318
1235620
1048284
1214965
1198976
1395630
1092665
1313201
1178481
1105794
1272568
1196552
1081747
1167058
1126492
1103009
1403891
1190539
1023929
1068395
1395046
1183567
1284135
1333425
1120670
1255690
1242029
1307048
1330831
1169049
1082389
1401755
1073717
1215558
1358921
1021776
1057843
1003428
1099307
1384990
1340142
1402794
1129405
1380218
1266760
1348975
1100731
1014391
1327775
1187619
1210772
1319269
1310561
1355385
1072191
1070714
1235142
1034196
1191976
1226776
1386374
1098536
1134661
1173176
1075514
1137119
1155516
1288821
1015102
1162327
1284397
1278254
1101200
1116193
1282615
1146898
1038107
1181836
1135474
1157104
1011033
1029498
1213923
1233662
1392409
1396551
1386994
1214157
1247135
1344350
1181855
1155907
1326189
1156329
1041254
1251424
1216734
1298410
1363027
1368326
1392185
1336797
1071925
1068445
1302865
1180793
1063153
1405097
1293627
1097712
1107868
1027743
1393088
1320768
1353287
1334492
1333985
1206172
1355188
1164323
1406566
1129092
1349965
1114685
1320272
1348142
1329867
1340950
1344602
1139109
1179080
1012608
1378370
1399556
1354356
1130316
1213720
1171670
1411776
1090849
1228787
1115562
1080196
1337039
1128123
1024596
1147618
1231876
1004679
1244839
1368713
1368469
1251736
1375988
1369229
1222610
1376649
1036782
1036515
1298469
1390629
1122068
1384289
1336321
1044058
1233965
1015029
1031597
1390848
1167779
1373364
1166350
1211094
1033922
1330240
1366323
1301081
1101931
1357931
1244175
1030771
1051184
1353049
1275882
1330442
1186107
1030567
1241045
1043895
1123997
1005716
1069420
1332188
1371961
1243116
1227339
1085281
1177402
1344253
1343767
1047145
1059740
1055001
1287814
1225440
1307433
1200943
1349259
1170123
1034086
1269186
1157484
1282585
1013069
1014090
1047257
1296181
1192859
1257145
1075096
1393196
1290250
1290224
1296581
1283439
1254799
1026898
1068692
1366009
1147933
1164422
1082367
1294223
1296852
1106383
1169677
1261284
1121434
1158150
1070881
1008604
1309622
1086510
1273168
1181317
1321675
1085546
1128811
1150891
1280899
1225321
1303336
1102945
1399178
1109084
1264077
1313541
1129905
1220956
1004196
1100953
1379002
1019437
1135525
1401062
1206568
1038161
1070947
1102133
1300155
1229500
1169548
1225426
1256777
1084304
1118640
1025044
1397023
1206542
1235688
1165819
1070367
1363931
1294048
1073414
1313596
1146965
1011194
1087614
1060340
1175540
1163928
1087407
1396932
1046762
1149240
1365096
1231157
1116793
1201491
1217189
1067515
1009797
1331561
1109036
1132416
1282051
1281433
1328850
1237813
1211986
1204143
1046202
1191627
1124639
1168623
1361133
1161449
1356629
1384978
1205305
1342787
1132419
1163454
1137432
1287312
1363581
1222947
1411069
1243915
1316998
1370297
1125509
1105156
1274399
1227066
1379298
1095304
1353503
1167354
1207478
1245795
1107912
1113486
1394624
1094407
1162889
1126336
1304867
1343114
1119422
1350321
1041672
1117146
1211161
1227284
1162512
1279242
1295758
1321345
1108359
1370631
1133862
1071511
1034873
1301759
1390760
1129918
1220555
1293964
1147386
1386400
1405944
1178125
1330993
1410778
1366582
1280143
1391885
1237869
1356449
1300039
1134625
1287135
1283873
1415056
1338065
1140734
1007431
1169935
1114013
1221121
1137396
1151181
1042841
1303500
1019364
1173574
1008307
1190949
1323356
1242548
1030733
1042923
1326855
1236143
1412871
1127386
1147117
1108796
1175727
1375924
1126806
1112565
1041262
1046637
1026057
1254313
1108766
1387694
1174705
1250348
1051116
1073432
1099002
1062755
1240943
1342094
1059100
1331478
1401437
1038477
1283227
1339773
1210799
1052441
1351300
1130950
1327577
1365150
1137689
1387436
1372062
1354136
1022266
1408300
1341605
1245732
1358839
1217165
1267746
1279131
1012697
1015398
1257423
1008872
1051553
1380048
1148720
1071046
1204354
1114070
1196547
1096432
1251656
1338668
1125664
1200873
1075889
1242753
1142744
1011571
1387375
1354604
1391174
1161874
1330975
1410566
1293388
1145403
1099696
1144167
1280412
1347243
1296887
1269201
1280996
1122066
1263984
1274487
1262448
1326034
1328624
1080662
1026908
1110331
1389222
1166072
1068402
1236500
1033225
1020498
1077877
1138976
1132222
1031743
1228840
1136093
1190028
1238510
1118271
1231843
1197974
1014565
1190714
1365285
1188828
1357682
1248584
1069660
1071305
1407829
1178486
1236399
1067204
1250647
1387344
1099334
1054142
1179161
1409958
1280506
1389450
1093126
1194149
1032003
1028926
1346459
1080256
1366238
1180923
1386320
1399725
1084807
1202457
1324962
1193331
1079140
1118169
1168807
1363691
1377853
1320857
1379639
1075613
1239931
1225180
1320750
1213052
1267439
1055293
1305860
1058781
1148340
1280879
1306846
1243604
1245758
1290460
1323713
1013008
1168627
1235529
1057877
1327864
1208504
1276424
1134368
1087543
1408985
1241975
1131212
1365379
1273033
1219259
1164195
1403850
1369362
1280731
1191734
1292275
1309604
1322709
1309945
1007243
1240940
1162797
1199273
1379395
1340858
1215155
1306982
1050304
1324322
1074977
1403493
1008234
1337898
1246352
1289151
1341971
1286591
1236322
1335527
1096378
1036913
1182361
1207213
1158528
1135148
1351602
1308146
1121429
1195385
1017744
1134732
1118481
1356899
1021421
1271210
1184295
1137888
1235121
1358170
1032836
1048536
1167374
1323492
1231902
1167434
1209108
1055202
1159907
1298913
1108523
1197436
1404494
1089541
1109556
1025898
1357985
1345299
1293822
1240410
1040954
1331855
1416438
1127038
1000648
1144370
1254014
1342450
1104752
1044305
1275948
1045445
1173811
1207453
1308902
1403721
1160166
1217397
1298074
1003743
1299467
1151423
1123139
1038452
1099628
1079806
1343302
1142073
1323182
1267332
1117947
1159758
1081620
1015956
1311506
1037556
1283651
1156056
1233852
1362503
1138932
1125736
1405873
1353091
1174279
1061208
1314898
1310960
1183970
1310802
1021800
1279161
1306192
1159393
1040743
1019358
1065790
1085606
1088981
1110423
1153688
1257836
1409987
1235535
1293142
1248002
1398366
1344197
1316096
1022394
1151043
1130934
1148767
1090754
1191027
1392872
1306984
1028866
1107724
1040400
1369740
1277375
1393708
1178036
1026006
1306460
1094582
1144309
1024693
1079882
1285595
1015703
1339051
1259945
1128335
1339312
1297860
1404464
1417042
1131836
1025384
1295828
1130739
1036293
1384496
1316826
1287625
1048787
1261118
1411642
1024657
1211230
1318823
1100847
1079138
1346345
1073070
1002827
1337271
1250578
1248483
1257420
1169452
1358196
1111392
1276824
1403683
1083893
1125383
1407112
1348348
1171858
1251299
1190647
1199607
1155844
1347332
1175730
1230074
1415188
1071738
1196450
1353902
1138558
1286569
1107446
1277909
1307317
1220125
1126985
1339006
1266825
1374089
1159227
1325031
1253823
1060679
1021699
1026477
1049765
1326895
1019888
1184564
1029353
1036916
1318228
1171561
1286530
1261276
1411771
1005272
1165228
1189289
1187386
1416019
1131244
1339239
1343735
1310917
1067411
1414510
1115365
1151948
1333895
1346797
1235162
1271299
1207077
1062177
1174913
1273767
1380605
1285902
1170346
1098626
1339721
1162915
1088953
1365308
1335201
1097934
1258138
1086697
1265288
1352556
1269550
1349726
1277195
1030344
1167252
1094946
1185619
1375523
1250240
1117645
1266153
1314760
1308538
1169716
1400409
1383804
1051609
1382494
1254623
1412821
1414426
1243474
1379342
1192166
1318198
1298810
1306920
1191686
1412157
1147147
1405616
1260483
1326613
1405120
1256080
1332131
1195746
1193651
1244694
1052534
1260253
1085388
1102470
1124208
1257893
1185863
1064005
1228687
1238163
1048991
1020509
1217551
1221888
1186757
1141922
1319218
1068609
1379993
1136704
1043260
1244366
1121358
1245331
1103310
1260905
1408610
1230445
1112023
1194414
1123861
1405538
1151403
1107330
1062482
1156331
1249312
1369839
1301918
1335340
1029570
1403975
1109916
1164512
1246979
1048634
1391028
1139177
1229982
1118462
1340796
1216905
1253466
1012886
1093553
1132979
1057500
1033574
1211746
1133090
1013801
1034179
1121263
1094595
1358492
1365628
1350421
1413319
1130133
1083408
1130927
1235950
1221413
1322496
1409204
1311520
1196288
1392813
1355720
1388495
1323816
1001026
1235856
1334203
1222973
1102306
1114405
1163701
1328002
1218798
1023403
1081034
1052582
1062558
1362698
1399637
1364061
1215757
1110473
1051141
1093261
1269462
1215547
1128715
1182757
1268691
1141730
1205104
1358634
1298369
1308543
1254303
1408210
1144293
1193520
1219124
1364248
1167117
1149904
1109914
1203294
1201424
1031472
1175881
1241094
1410562
1193443
1130547
1270436
1256244
1160194
1296304
1183862
1338951
1371197
1012652
1209293
1020025
1203410
1094369
1128920
1355593
1023078
1376082
1191275
1234968
1239873
1318402
1416285
1211819
1026860
1204572
1340724
1412915
1108510
1297090
1284511
1329050
1112529
1124129
1411123
1180383
1390540
1188009
1291221
1172139
1135584
1214663
1299010
1410012
1065172
1158829
1043600
1370511
1158261
1334563
1241238
1387079
1392115
1412807
1381474
1058262
1283123
1155917
1000670
1007682
1341816
1347997
1109580
1179688
1305457
1384977
1056612
1402241
1264681
1263755
1230862
1232857
1062281
1216970
1369243
1276910
1163092
1312682
1165596
1193262
1029467
1088602
1246659
1245013
1087735
1068265
1143709
1380198
1407532
1083914
1384752
1149475
1090730
1050648
1030194
1391375
1055624
1140088
1350084
1019687
1078164
1223179
1240835
1263018
1170699
1280635
1274718
1188875
1355484
1193247
1122560
1091333
1373336
1055400
1011232
1128202
1243757
1001105
1347746
1362959
1230763
1016640
1306373
1017522
1238897
1095572
1194622
1157773
1184954
1029679
1414499
1080852
1073116
1188955
1266817
1258482
1318948
1067691
1313090
1121107
1195516
1189138
1231889
1232032
1208151
1227950
1122635
1161693
1376288
1318431
1161217
1043016
1276056
1189910
1241110
1345240
1294012
1205069
1375048
1183923
1268891
1376412
1327568
1244253
1312902
1135740
1188687
1312778
1112524
1384759
1250534
1171202
1336990
1092391
1056190
1053720
1151743
1232048
1127677
1000265
1317290
1390531
1406766
1396602
1247539
1213292
1036727
1243291
1261482
1106741
1278487
1167917
1190905
1256545
1167537
1017566
1050303
1151016
1407071
1356698
1354755
1346982
1405403
1129295
1102685
1305953
1213499
1129895
1236134
1355986
1273462
1021274
1197411
1209172
1332423
1222721
1304566
1382507
1035301
1024924
1013152
1146374
1031651
1262257
1289644
1375743
1279713
1179936
1119886
1339255
1354355
1148471
1089639
1381084
1186213
1297817
1139758
1352978
1066974
1037313
1266419
1226656
1392741
1104668
1178620
1147866
1138301
1309780
1047943
1039834
1412826
1242324
1232997
1268201
1303973
1342769
1177991
1013757
1153925
1417427
1415394
1203817
1207017
1103734
1390013
1277288
1124482
1140522
1119868
1288440
1106929
1105921
1299576
1376480
1044252
1211021
1159527
1325584
1109721
1388573
1172148
1353920
1169487
1281856
1023109
1342933
1004087
1016899
1180850
1187306
1111625
1381186
1394661
1208875
1014470
1066682
1276937
1348848
1022802
1263032
1364142
1343911
1204902
1056744
1326508
1250666
1087920
1281708
1165797
1216445
1321520
1070342
1090675
1201501
1162106
1141755
1357578
1364538
1359426
1205929
1044617
1329995
1116053
1147306
1112036
1254507
1004717
1408731
1343038
1212448
1019999
1183863
1081753
1356882
1284063
1253816
1002138
1353843
1243896
1116816
1035595
1155206
1139541
1305324
1158778
1188733
1381022
1350899
1067354
1248362
1128681
1285063
1415100
1262945
1307252
1295540
1199664
1207896
1202655
1204641
1040066
1237400
1170188
1031682
1222267
1172347
1373334
1029526
1126799
1022080
1356039
1405972
1123461
1036529
1311776
1311018
1339541
1088364
1047823
1010222
1039000
1178445
1062785
1016772
1231003
1400022
1116958
1267215
1388896
1170806
1314893
1283837
1287150
1048929
1355144
1276456
1239165
1149405
1084209
1109315
1059745
1397626
1056426
1079384
1339532
1035306
1083994
1361989
1215150
1220619
1040600
1350271
1302594
1268450
1381995
1333364
1106328
1318286
1049637
1007070
1376670
1104168
1156889
1041432
1181190
1021626
1384659
1396466
1319159
1374652
1242362
1109502
1019644
1333758
1406281
1122666
1391173
1018921
1034732
1390851
1238579
1110016
1065443
1177850
1279081
1217704
1007067
1229020
1057937
1068659
1246358
1328608
1149728
1216850
1261700
1014443
1007285
1209501
1224001
1310470
1291304
1038845
1319872
1316015
1237268
1243033
1237241
1201969
1141646
1417215
1329634
1037990
1329264
1019716
1251602
1110973
1182039
1107977
1246230
1084122
1020651
1151850
1400395
1324130
1293908
1256482
1054410
1229157
1007641
1026121
1214154
1146338
1368748
1366886
1246923
1247294
1285358
1252715
1014714
1168557
1289909
1277067
1398537
1247292
1315008
1080896
1172622
1072572
1120369
1013877
1268982
1100342
1186543
1027329
1400691
1051464
1232519
1055808
1342250
1018930
1030229
1044555
1006131
1374624
1127431
1246181
1080545
1111047
1171496
1187838
1123179
1198120
1364795
1312923
1415375
1125389
1405092
1325974
1067379
1008833
1135645
1055010
1362773
1215236
1163805
1351915
1241162
1117435
1377225
1278779
1267748
1309906
1256453
1024111
1109098
1375033
1067590
1384638
1366472
1103760
1215733
1365735
1308990
1382479
1026511
1383226
1244675
1381055
1332779
1075205
1282481
1195523
1161252
1408814
1355557
1178384
1096150
1164501
1337749
1042363
1024572
1140686
1261997
1349943
1304230
1002131
1037131
1204974
1116987
1011634
1257710
1415719
1379892
1343632
1078818
1181233
1087930
1208153
1254907
1212374
1053554
1348855
1092261
1278015
1274953
1376840
1402259
1300911
1032437
1164670
1239288
1238042
1254638
1310302
1359589
1009199
1339675
1290984
1167797
1194151
1166990
1390838
1085160
1134529
1206154
1076355
1124515
1412253
1089134
1217788
1263951
1330657
1025725
1162689
1397502
1048125
1094859
1066418
1408630
1246342
1388594
1416572
1411761
1168263
1356454
1150254
1151052
1408914
1124730
1335784
1030504
1219636
1135073
1356635
1071934
1256610
1295704
1349837
1086722
1137680
1181972
1191615
1416093
1177948
1285695
1257530
1127396
1231332
1080442
1119949
1373102
1041108
1160271
1036183
1041583
1223166
1196776
1082244
1125836
1125161
1297269
1310366
1165451
1293059
1016833
1180761
1101909
1091691
1194646
1141204
1326361
1253659
1226084
1254350
1010170
1252781
1060173
1125063
1143942
1374027
1321182
1004293
1372275
1019483
1170710
1238875
1110463
1203100
1136449
1328651
1357910
1130255
1286579
1401435
1172178
1070808
1209298
1327431
1182526
1140639
1187972
1149612
1089562
1024751
1133289
1011313
1019275
1337757
1175067
1298625
1324765
1387802
1237423
1020556
1384559
1264436
1230852
1009933
1010662
1134791
1327356
1391903
1217199
1207230
1198841
1053691
1134591
1144553
1300688
1396685
1363777
1226320
1168574
1414180
1135531
1403620
1197843
1188588
1192447
1092756
1321166
1178633
1375610
1298041
1043408
1317588
1140316
1056734
1135248
1328963
1012818
1090350
1408882
1023727
1095766
1113671
1409268
1257083
1320984
1337776
1094501
1283178
1100653
1038028
1070444
1399366
1416862
1288900
1024273
1002862
1368152
1266421
1127496
1164997
1393667
1241466
1405751
1275369
1059619
1058544
1386442
1022572
1353418
1259981
1389324
1351984
1318281
1126074
1165220
1414670
1293116
1071235
1209962
1098553
1230679
1204537
1245898
1059961
1386073
1327998
1015371
1054824
1070988
1146763
1210203
1280300
1258399
1160787
1318629
1386795
1289260
1217323
1009508
1022496
1242493
1195229
1144300
1237675
1346896
1371148
1118507
1326178
1372821
1296868
1041204
1357586
1076551
1333551
1280956
1379955
1081705
1212371
1243466
1333317
1156348
1305870
1084570
1171155
1399040
1081901
1210530
1236034
1290064
1305832
1334474
1075005
1374653
1094713
1390180
1272951
1338773
1392241
1321403
1394280
1367502
1021574
1054795
1245602
1059025
1229540
1340326
1099726
1136228
1135253
1377129
1012011
1319421
1382174
1219072
1035128
1188019
1023253
1394295
1122199
1105553
1126850
1278513
1141910
1053171
1222706
1196048
1255729
1116467
1246402
1048739
1088871
1401735
1031951
1391259
1037022
1382899
1134321
1041670
1229944
1323215
1335138
1379856
1336877
1262126
1380297
1291336
1023777
1346923
1386034
1279664
1156526
1323990
1122561
1148640
1205765
1032753
1275299
1159843
1144294
1027770
1047674
1066865
1035946
1037283
1411037
1143789
1309090
1293151
1383391
1044255
1390778
1264143
1363711
1341401
1095841
1059005
1305697
1063071
1321381
1159674
1035681
1269119
1064374
1193592
1374135
1343079
1179226
1123729
1403974
1210899
1050103
1024013
1380774
1294232
1405775
1185161
1057126
1107996
1362856
1321298
1049451
1139181
1082564
1249719
1386750
1286111
1030300
1227257
1095726
1149140
1362751
1132088
1407740
1369542
1075896
1109637
1071228
1327402
1139323
1277663
1276864
1189789
1028303
1204965
1127306
1324594
1246641
1234742
1214441
1368830
1317598
1291089
1396296
1169346
1407283
1244034
1318760
1383520
1362210
1149518
1064422
1159066
1196931
1308442
1217383
1140354
1147743
1067037
1295681
1071057
1211867
1105826
1402184
1033811
1328413
1243323
1148578
1349830
1336453
1321852
1044904
1089882
1067815
1192092
1195796
1071049
1033116
1346465
1138021
1002603
1007148
1170932
1344297
1083346
1413166
1404075
1224045
1070709
1242666
1238450
1338878
1023954
1367931
1390219
1407792
1112153
1333122
1088136
1278995
1002361
1010733
1011937
1217171
1173613
1008720
1004802
1395607
1301593
1329849
1070322
1285765
1373728
1250208
1153973
1245395
1225958
1377976
1370417
1236698
1376377
1408045
1124531
1004438
1004474
1153465
1169412
1401289
1008299
1407897
1412064
1360718
1008004
1158838
1153150
1320588
1119856
1261798
1028258
1387085
1173381
1403462
1413538
1354725
1296150
1128606
1343203
1039419
1228600
1396972
1341841
1288864
1233977
1239293
1410661
1005596
1129074
1215456
1053270
1275462
1194539
1109462
1382367
1270383
1009109
1070814
1061418
1105235
1030832
1164525
1315904
1282532
1273597
1106819
1166370
1416545
1273938
1382936
1099634
1015396
1248431
1383499
1252114
1286700
1100312
1230222
1335763
1213660
1238279
1394276
1028139
1310152
1023485
1389419
1037559
1114780
1168672
1260069
1056407
1033397
1049750
1152551
1155121
1025396
1244913
1214678
1183826
1200392
1178251
1350416
1040077
1314397
1183694
1347984
1269770
1381947
1320683
1309274
1198016
1164563
1224097
1189719
1305410
1274681
1187277
1107104
1311462
1337993
1194359
1244126
1373990
1254904
1405101
1323315
1105171
1036630
1296401
1026311
1283578
1156420
1114503
1406487
1261370
1357412
1311933
1170788
1013182
1275967
1270939
1263460
1324845
1229286
1359744
1057848
1231727
1370658
1148760
1066755
1133082
1375212
1189246
1360043
1184063
1302281
1335194
1277302
1010687
1192879
1292474
1235406
1119627
1181522
1019588
1035361
1179909
1062697
1242605
1212470
1184750
1321156
1068958
1407044
1388030
1160969
1136192
1150941
1212500
1396866
1278643
1170094
1164498
1211360
1359416
1042222
1043282
1387177
1248330
1233761
1314645
1198814
1384789
1018524
1325333
1178497
1348734
1416112
1102561
1010897
