1153233
1088385
1339441
1417579
1312243
1213540
1285266
1038943
1144816
1105990
1149477
1348119
1000319
1305399
1167406
1063627
1157058
1184699
1219243
1250899
1348289
1030055
1258069
1239182
1087701
1133787
1147775
1273356
1258453
1292009
1398004
1380637
1257706
1184485
1267451
1157887
1074655
1013401
1381818
1246528
1279490
1149281
1352749
1154328
1122975
1094080
1216636
1305948
1185237
1031291
1291808
1221545
1323017
1338586
1282515
1141376
1112558
1290295
1270283
1140336
1357251
1298824
1139368
1364618
1099947
1381773
1359898
1369919
1067091
1134611
1169598
1000089
1378114
1396689
1087781
1002410
1180875
1238549
1387423
1311588
1099424
1295428
1109349
1144927
1209903
1269892
1279830
1149781
1399691
1153280
1234932
1040939
1124803
1386942
1200925
1292782
1070112
1096415
1044999
1137927
1348815
1200583
1335022
1286056
1413855
1154623
1033704
1282424
1294030
1219729
1028775
1348929
1322686
1264781
1386995
1166696
1412291
1085348
1235291
1243441
1184863
1305793
1002886
1370462
1417522
1414621
1014939
1236170
1088140
1128752
1195714
1167322
1203590
1271360
1104677
1050937
1315565
1077732
1057714
1234434
1094358
1234297
1197688
1298495
1410465
1120328
1309886
1173571
1263750
1180442
1378890
1348247
1327863
1322900
1212584
1383274
1296719
1145418
1188408
1353819
1048795
1159680
1301713
1204532
1220713
1251608
1191405
1246295
1198268
1195679
1381204
1344615
1083997
1238230
1228802
1225669
1405721
1101945
1299803
1029478
1078421
1364969
1330775
1234549
1164015
1273815
1060276
1349973
1093318
1155518
1197915
1158046
1294488
1134619
1301352
1266040
1149902
1187012
1037984
1128964
1085284
1284330
1155333
1145432
1348495
1286470
1012473
1115478
1052519
1029357
1160454
1300095
1194497
1402763
1411796
1143058
1292055
1098052
1101728
1062188
1173554
1320812
1236736
1148859
1383372
1211647
1317340
1297092
1077498
1077010
1270959
1081205
1173185
1080664
1050564
1340572
1097474
1290531
1115945
1223714
1053819
1384690
1284042
1258960
1149506
1013228
1330600
1094074
1305253
1273689
1341704
1342532
1221355
1098855
1021060
1219911
1308155
1009018
1216664
1133830
1009431
1061021
1179605
1333952
1056171
1067643
1368607
1293132
1185096
1173915
1183726
1397658
1126683
1031664
1302144
1334194
1167646
1163584
1389235
1068643
1304243
1233104
1213442
1389135
1302917
1106824
1114114
1356162
1014746
1257396
1163168
1357800
1122637
1243790
1096303
1268638
1010061
1411793
1017615
1333804
1261572
1056900
1307776
1384576
1142829
1388373
1286257
1382138
1022550
1021954
1196080
1336355
1120579
1401309
1389206
1000873
1149790
1216242
1241299
1107641
1277361
1165608
1141181
1069233
1188363
1069988
1368794
1176184
1079104
1087741
1212368
1029429
1053387
1078914
1219203
1091468
1211745
1332628
1074296
1072936
1409869
1405724
1256721
1366556
1162478
1002712
1211490
1090914
1408817
1328036
1321770
1250077
1057202
1339331
1095672
1084929
1326432
1178532
1301121
1126749
1303902
1101693
1092510
1023443
1332830
1247596
1258682
1297618
1351880
1160882
1039797
1307619
1364576
1238498
1166790
1236198
1258189
1304979
1091598
1252620
1260894
1188291
1036963
1028843
1262984
1044860
1168309
1042138
1146186
1061128
1057695
1023150
1390075
1300176
1077065
1063666
1310707
1375037
1294986
1129332
1358119
1183911
1312253
1112431
1019622
1111974
1318096
1268061
1038385
1235792
1263203
1040357
1402944
1043643
1236549
1012131
1098844
1181864
1128246
1186208
1288843
1314319
1310130
1346984
1313317
1121955
1115049
1385251
1007857
1403050
1252142
1278872
1148245
1405311
1389488
1084021
1126607
1053486
1291377
1102124
1096992
1149896
1232018
1084386
1259651
1123856
1244147
1231020
1317683
1246209
1018537
1217282
1174738
1154177
1240516
1179942
1031422
1301552
1042743
1282805
1052675
1055142
1013987
1355738
1238461
1094047
1322793
1239409
1141428
1346151
1273799
1171027
1335388
1083793
1071029
1211303
1280414
1008637
1212507
1189135
1090237
1053638
1408761
1184615
1041853
1233084
1169095
1080430
1285298
1324300
1312426
1052514
1299099
1159974
1101386
1119582
1404115
1212127
1366108
1366341
1327566
1139069
1173751
1417764
1108886
1404736
1111850
1007570
1324480
1281431
1364869
1308834
1118694
1029179
1394708
1360899
1037324
1147916
1398496
1237248
1407015
1305535
1260727
1237802
1149428
1170825
1059033
1234026
1022494
1307957
1070743
1035499
1333051
1065966
1221195
1064031
1149081
1025058
1211894
1110879
1253057
1017398
1335376
1100908
1049772
1149608
1410045
1205918
1270451
1157365
1069996
1334579
1031808
1132753
1087836
1046705
1035082
1350841
1098103
1164782
1379555
1210544
1161715
1318201
1065074
1215510
1075842
1275390
1290735
1094299
1199574
1098406
1153811
1162136
1284714
1150749
1028340
1415779
1036197
1314652
1262369
1397610
1380698
1007544
1005307
1096669
1175929
1251019
1342611
1289171
1395116
1181072
1077444
1272397
1269224
1286580
1406942
1404369
1032477
1244439
1337714
1181186
1041227
1184678
1080575
1136775
1029546
1037612
1184363
1394899
1334308
1098133
1056204
1079333
1048541
1302760
1046661
1295414
1270292
1313550
1106355
1054327
1153300
1151425
1197576
1266865
1318705
1026082
1203123
1304985
1255240
1114877
1308012
1393579
1284748
1217915
1373418
1255216
1314734
1183933
1237250
1092113
1170040
1014784
1287366
1022308
1271915
1110233
1175724
1213933
1214467
1244841
1092685
1003690
1270817
1071303
1055940
1309297
1342541
1389418
1384905
1055581
1153670
1042827
1024661
1009379
1005174
1287420
1323140
1113188
1052459
1218206
1122212
1255047
1092677
1119793
1223794
1186446
1322257
1311343
1365272
1135665
1314558
1386318
1408280
1329134
1028437
1357933
1051987
1077385
1360142
1283887
1222836
1034259
1045313
1297108
1365426
1320541
1201955
1275791
1034032
1030660
1051756
1279727
1264331
1081494
1027583
1389229
1085934
1032004
1326286
1112021
1402597
1158972
1069605
1019897
1092491
1328038
1307613
1321096
1352057
1360664
1408034
1302147
1156942
1365596
1032883
1223793
1170344
1029209
1108192
1015294
1279875
1369754
1377905
1387014
1002083
1048142
1198036
1194789
1166154
1199425
1070348
1107374
1208555
1073179
1165019
1359808
1013901
1378298
1100340
1309474
1018278
1192756
1065350
1102848
1132877
1140393
1166796
1261218
1400741
1395401
1411176
1391828
1398653
1254825
1344170
1081512
1393703
1113515
1365549
1380707
1334640
1044502
1401930
1258742
1233365
1338881
1033913
1348568
1116229
1085065
1203965
1237177
1020501
1403555
1364111
1371803
1095530
1320248
1402330
1330127
1252919
1232138
1096686
1354810
1358374
1007767
1361699
1218513
1374141
1385924
1207062
1194736
1344271
1022036
1196216
1002065
1319224
1255355
1350958
1285158
1035385
1072122
1248226
1113214
1175232
1102599
1026884
1333382
1150419
1184002
1129145
1272048
1182977
1057406
1247794
1094674
1251576
1400015
1261982
1414537
1080260
1030161
1350579
1097702
1199204
1212383
1411082
1341212
1326047
1294439
1079915
1316871
1205048
1259802
1152086
1015116
1074241
1202357
1063033
1170608
1289618
1136967
1180868
1262888
1028734
1357507
1398472
1002816
1039749
1134423
1400406
1064463
1286924
1374953
1128187
1252023
1070864
1264749
1227946
1185484
1410852
1174916
1300807
1002262
1190669
1065896
1067814
1337033
1341851
1408795
1106472
1145038
1341576
1153547
1084429
1171665
1187241
1245950
1287704
1173222
1003155
1138124
1073417
1170980
1329260
1367198
1313101
1149090
1364999
1397127
1411951
1190097
1005405
1272665
1340466
1188284
1325909
1117810
1405021
1105397
1395117
1252630
1416859
1071850
1155543
1156774
1249100
1273771
1246748
1378903
1408448
1203571
1345703
1196991
1237834
1227093
1414110
1386391
1133490
1306437
1352527
1362543
1173758
1228941
1122735
1221613
1314797
1288818
1181238
1347142
1227703
1317075
1372468
1013174
1413866
1009988
1164449
1378635
1028848
1376772
1210047
1368647
1004016
1346561
1083530
1214035
1254216
1315442
1057054
1177625
1219321
1380963
1359886
1113159
1230782
1120357
1387937
1194601
1200567
1279425
1366931
1021231
1100261
1348199
1152571
1402350
1236337
1084291
1235617
1059697
1329690
1104215
1333890
1166494
1345543
1227151
1231508
1354735
1319124
1383723
1135364
1358322
1101969
1387048
1369640
1231085
1061035
1231618
1229107
1311469
1040370
1128841
1089843
1097403
1136452
1246984
1396485
1164196
1192498
1330397
1200957
1091890
1213239
1185517
1335947
1158342
1129054
1066350
1385972
1070124
1044897
1196596
1005758
1226635
1153518
1216281
1240810
1089779
1358863
1326963
1113794
1096526
1337351
1030892
1376149
1248956
1072717
1307192
1154329
1302567
1103202
1316210
1395595
1275394
1324514
1331515
1379241
1318645
1372371
1142036
1305414
1332568
1332017
1248881
1225316
1105765
1067018
1366067
1117558
1375620
1227052
1321622
1352774
1223235
1099105
1133579
1142994
1232964
1103924
1112211
1135928
1297879
1135883
1108370
1006876
1129813
1281601
1317964
1169068
1252047
1123922
1233681
1213126
1286391
1067970
1195827
1219790
1013412
1304749
1364249
1163852
1051145
1353616
1168346
1242721
1367117
1224024
1236022
1124391
1042346
1331481
1289172
1001556
1338966
1266974
1315074
1145284
1093394
1281091
1021620
1083450
1227813
1222055
1007023
1226154
1065004
1351535
1413847
1207042
1027113
1331008
1350806
1086919
1357827
1140099
1237365
1389535
1255976
1337490
1387819
1169665
1263372
1302683
1033908
1226192
1360248
1408700
1402075
1261728
1172156
1062179
1014523
1369019
1376444
1330832
1356517
1393741
1231052
1350343
1106623
1212083
1023138
1331919
1004303
1318491
1216642
1062423
1248270
1382234
1151299
1350252
1009000
1256309
1067130
1092481
1164639
1399615
1170696
1381687
1414386
1220692
1226519
1299533
1315004
1380849
1238558
1054956
1135299
1258106
1127395
1327236
1015743
1363277
1099138
1044591
1208702
1170510
1241988
1032360
1145272
1145711
1298776
1026879
1110213
1029605
1041243
1356414
1404747
1164915
1036633
1058272
1353962
1302805
1229630
1072235
1240317
1277931
1213582
1363548
1080570
1044842
1209922
1222733
1230599
1160752
1410843
1028990
1333327
1247360
1106820
1181041
1297378
1145065
1288446
1398154
1176851
1270802
1239490
1119241
1102075
1192180
1144791
1089990
1317064
1288849
1280104
1270032
1042452
1294136
1340065
1075875
1398381
1052351
1095020
1208798
1063953
1069767
1034290
1358542
1153267
1228973
1364389
1307194
1221221
1030774
1340853
1121821
1010592
1114751
1188371
1097213
1221802
1250176
1393635
1125641
1126901
1010942
1264026
1109035
1215709
1412245
1133248
1141525
1002895
1129847
1115835
1171545
1036031
1094314
1317910
1268892
1292119
1187374
1010168
1242379
1071191
1344513
1013047
1127232
1215133
1395057
1119596
1209070
1157899
1060867
1016227
1223807
1089016
1168507
1133470
1234124
1295269
1252747
1339369
1005924
1240592
1007538
1041043
1313328
1198712
1213620
1151937
1219940
1116667
1121121
1282007
1169943
1188274
1121866
1117200
1088047
1057003
1165326
1019560
1339437
1219680
1221759
1187281
1173423
1237819
1212331
1035042
1211617
1378564
1064703
1013656
1281995
1194168
1286239
1048468
1207016
1354696
1391214
1352379
1302979
1323965
1265299
1194076
1283404
1199617
1225306
1024617
1332013
1055637
1194570
1210327
1353806
1339327
1067963
1058786
1118549
1042525
1289792
1203118
1104888
1382800
1133055
1089761
1337876
1343930
1343547
1330872
1345190
1190528
1259205
1232257
1346829
1248440
1041050
1278312
1290428
1167201
1188376
1394424
1012185
1121326
1023235
1305989
1180844
1066684
1167235
1103250
1297103
1390160
1353403
1113863
1368490
1409633
1088630
1031921
1406264
1104664
1388476
1020017
1286148
1134459
1204487
1283352
1149155
1147709
1283698
1362995
1251543
1002046
1243582
1415495
1021164
1316979
1382636
1296680
1299213
1404764
1196747
1341314
1309595
1306965
1297393
1341411
1069547
1042079
1308281
1078294
1351512
1282872
1275627
1081508
1238657
1414835
1112487
1029418
1099608
1411249
1123450
1331011
1357371
1101858
1223741
1048503
1130119
1372051
1134012
1326083
1192551
1239412
1051336
1357831
1215976
1080550
1118439
1345705
1208351
1175799
1087450
1385035
1171541
1095828
1411837
1112347
1267714
1369730
1368060
1029264
1137712
1031978
1204282
1152383
1219928
1224849
1380889
1073804
1344333
1315396
1108343
1277548
1191020
1311774
1223860
1288807
1170078
1107037
1331849
1355493
1152424
1022302
1416952
1107705
1119239
1115313
1089136
1017766
1398594
1347919
1302751
1253426
1259119
1370102
1137175
1209280
1050445
1397417
1293283
1075930
1319864
1128399
1409299
1280243
1417773
1161700
1326154
1047963
1400795
1382609
1364711
1153946
1079912
1372282
1081197
1029641
1336693
1284881
1299818
1200893
1288591
1103612
1014279
1260698
1075837
1387171
1270061
1381424
1102798
1094585
1413017
1206911
1328748
1284913
1027159
1362712
1362761
1090361
1189273
1113551
1040755
1177188
1400533
1104163
1309101
1018087
1193436
1254526
1015091
1079926
1396221
1065184
1114457
1193320
1265422
1414220
1151321
1252348
1228097
1338927
1312854
1246713
1268142
1173813
1012005
1204169
1337281
1266845
1263156
1223750
1047869
1140126
1223420
1251210
1043747
1274447
1402802
1314627
1287232
1073674
1080809
1162073
1355103
1163825
1135313
1132727
1358362
1197270
1350945
1219528
1257859
1230809
1027022
1227032
1060232
1062937
1380975
1134474
1189027
1050138
1197997
1214405
1320887
1144027
1123526
1067208
1266576
1088132
1056696
1028302
1403516
1126723
1372536
1357366
1326578
1113669
1232333
1351555
1003434
1179196
1169660
1414664
1245972
1139197
1295619
1247210
1324741
1245264
1379090
1105258
1360159
1312655
1188392
1293794
1188851
1121607
1300691
1045636
1074005
1271433
1165914
1197243
1305010
1006293
1043301
1112667
1081957
1140422
1299338
1203443
1251366
1141801
1395734
1153913
1397213
1273543
1336942
1358389
1395375
1089593
1011135
1001957
1264210
1383600
1405806
1218511
1161091
1413333
1074414
1292447
1302049
1011085
1317621
1385984
1238346
1062503
1411966
1110384
1060603
1058166
1171638
1055803
1108722
1121218
1257518
1030164
1056880
1130931
1277197
1314612
1323009
1153133
1003071
1332048
1232016
1204060
1359371
1151961
1188707
1141695
1195672
1382967
1323582
1020900
1055404
1395899
1213007
1196964
1164891
1138334
1340583
1025711
1036793
1084139
1413494
1284939
1336590
1207130
1042768
1185379
1259243
1071994
1235050
1338565
1108696
1185853
1034237
1228397
1176004
1069747
1360101
1155040
1096781
1301120
1206381
1090244
1099857
1001710
1318939
1179900
1130725
1115869
1093247
1042993
1094126
1025273
1077718
1417624
1354704
1198039
1118104
1394072
1167658
1336881
1237034
1199081
1116884
1125135
1111300
1029075
1174072
1224560
1143881
1205613
1313356
1286424
1114418
1109372
1400099
1255005
1003411
1187525
1143821
1226573
1219095
1290432
1377634
1018090
1074477
1147051
1021374
1065893
1216509
1124050
1252846
1127033
1046489
1170729
1385265
1186361
1399535
1180833
1205143
1391829
1007840
1164519
1093630
1137178
1132561
1261026
1088348
1233797
1034218
1149112
1007730
1018506
1363569
1048959
1205519
1052457
1302195
1146600
1383361
1173745
1124958
1112590
1187422
1354843
1330177
1136348
1044819
1033844
1068948
1226554
1069554
1276545
1415309
1236582
1053080
1039239
1417684
1341856
1336412
1406888
1284884
1344028
1401730
1338176
1012761
1087324
1187964
1331969
1315718
1393029
1124921
1304825
1018400
1260100
1233630
1332841
1387043
1045424
1091152
1070872
1217819
1406384
1095442
1060129
1030099
1237113
1029115
1137568
1158241
1387316
1163753
1182312
1095736
1372120
1274150
1194355
1144105
1279164
1003669
1140059
1059277
1380359
1240379
1001581
1027148
1066102
1350606
1145523
1264981
1142037
1346119
1316066
1407033
1187895
1123873
1171843
1154552
1139766
1350440
1135052
1052470
1180952
1306736
1290929
1109965
1046257
1150354
1120109
1270923
1277917
1236955
1320813
1338292
1264168
1416414
1411588
1185763
1374413
1310848
1348122
1049353
1028943
1334979
1249671
1408398
1118697
1284482
1052232
1232637
1165540
1316046
1301315
1270690
1308700
1070665
1060751
1026315
1271254
1032507
1277902
1341721
1236652
1360292
1402154
1096162
1138525
1033614
1247022
1356307
1074271
1188791
1404939
1379132
1320431
1023785
1417690
1057493
1246723
1120134
1356458
1358662
1265139
1314358
1334485
1010762
1027802
1261697
1331661
1057630
1328788
1380341
1107722
1237032
1259257
1064021
1170597
1315903
1099292
1386228
1059318
1209923
1272825
1135329
1383958
1297106
1189838
1049817
1090291
1132030
1001393
1034244
1133498
1289512
1221822
1359189
1323864
1091763
1384531
1405500
1042392
1025377
1007741
1167499
1083463
1362737
1027459
1197028
1059775
1222147
1241278
1166825
1278131
1244036
1184331
1254742
1248311
1162918
1166764
1155126
1075111
1323335
1211160
1415758
1221160
1188910
1408703
1061527
1197253
1171142
1071484
1309675
1239131
1323498
1334226
1035083
1375094
1041202
1002970
1185146
1195665
1069105
1253858
1079398
1120007
1038838
1371722
1237871
1315216
1345901
1357317
1329108
1257443
1238655
1233595
1116819
1004865
1279853
1079039
1166722
1380471
1038305
1167204
1179654
1324554
1334092
1377494
1104940
1085036
1036588
1203616
1345453
1050691
1279711
1104502
1320566
1270271
1416117
1331908
1028810
1219591
1380912
1265818
1139804
1061255
1350073
1248351
1248089
1084181
1118607
1127949
1358187
1092871
1296384
1349150
1341871
1408521
1361240
1037158
1112246
1106161
1004543
1233864
1034175
1364593
1182559
1031462
1279777
1197408
1376232
1248493
1129539
1300391
1212605
1099333
1133682
1374327
1412952
1015911
1170749
1206709
1372418
1228880
1250080
1332846
1018231
1011179
1073925
1244047
1412000
1100021
1316680
1097725
1203623
1260477
1195650
1327266
1175458
1131133
1257868
1243711
1121253
1073932
1264727
1274203
1284423
1157834
1274515
1212042
1255688
1086263
1182505
1376171
1091783
1369599
1417950
1149009
1219367
1153855
1208152
1360193
1238811
1173007
1257263
1391261
1108000
1132406
1138711
1182593
1311839
1185679
1339717
1183316
1206745
1346188
1003738
1276171
1050060
1026426
1357086
1236875
1305747
1381421
1148525
1180452
1227815
1127825
1245771
1068493
1258923
1335216
1394595
1350447
1295973
1042069
1181024
1247796
1267694
1267354
1209401
1381016
1073298
1181138
1218649
1099768
1172117
1288716
1222825
1360610
1386122
1245683
1277621
1260985
1243382
1397176
1003468
1282243
1174326
1221399
1289110
1397808
1106088
1017749
1056071
1095389
1118943
1302638
1039262
1178293
1064876
1404053
1060552
1416943
1015295
1080517
1292138
1114451
1090928
1116811
1210748
1367259
1001224
1365261
1055537
1091161
1389091
1236986
1255191
1348602
1396038
1247719
1336906
1327282
1143736
1235459
1175219
1018108
1219264
1043141
1133751
1192144
1087204
1392745
1412178
1296813
1329439
1407928
1112203
1274098
1287950
1176129
1357346
1072034
1200578
1000596
1186617
1321371
1362849
1340732
1093135
1313096
1031851
1310534
1187778
1338811
1179079
1200646
1356137
1396463
1244950
1225305
1382932
1047379
1012489
1218260
1228468
1349210
1410745
1005644
1328369
1096265
1072496
1380075
1020908
1177395
1020797
1346716
1099599
1112335
1387408
1124984
1068585
1367410
1348827
1322368
1359524
1302606
1271034
1307373
1345609
1280464
1363394
1208404
1243100
1013231
1325084
1243276
1226168
1047189
1374966
1310905
1385790
1357905
1387112
1172499
1327632
1005315
1080418
1407183
1032816
1361572
1032722
1382246
1387431
1374900
1167236
1002666
1005175
1337761
1255583
1109751
1125037
1237744
1266311
1405065
1323661
1063590
1374579
1142987
1020088
1350462
1135685
1388175
1320447
1151592
1085135
1145638
1091897
1323746
1114321
1147089
1163709
1374642
1289655
1359179
1024724
1179857
1005717
1401438
1204085
1044516
1063311
1073545
1387148
1196239
1194609
1375142
1288991
1258776
1258554
1052450
1372365
1318447
1051398
1204328
1399841
1405014
1222754
1119696
1308116
1064925
1231528
1088944
1025014
1086832
1089266
1137326
1098690
1131894
1208532
1270758
1125595
1296744
1085294
1368634
1243025
1375730
1256937
1279232
1161609
1169365
1267514
1267556
1136409
1228209
1226602
1279845
1416008
1392526
1350266
1384316
1206343
1200249
1320694
1058014
1414619
1001042
1398605
1392765
1200748
1333515
1145245
1115320
1015067
1305264
1359182
1015721
1321341
1056445
1085439
1047423
1047465
1410666
1319685
1240738
1289609
1202658
1207796
1276733
1051003
1380670
1032033
1187647
1154055
1335799
1226437
1355642
1280159
1258220
1212762
1040528
1097806
1408920
1235288
1012951
1028932
1070523
1302648
1196257
1197662
1264363
1167635
1332642
1145130
1231634
1173231
1384039
1261350
1001023
1270862
1374625
1352482
1199189
1204468
1162986
1075583
1293645
1361111
1031036
1268517
1008827
1223747
1211162
1200715
1180412
1100501
1173625
1181477
1154618
1160631
1062606
1413735
1093032
1308117
1159235
1204488
1400757
1107413
1355462
1353989
1271459
1401481
1175285
1195798
1126330
1122780
1271427
1180190
1126174
1193236
1209720
1077846
1190924
1058581
1310499
1241799
1118965
1140700
1415634
1080488
1086814
1378742
1205317
1328366
1065406
1135237
1262265
1186412
1388389
1034249
1026625
1311818
1206448
1395665
1298977
1206074
1372952
1184477
1377790
1389526
1146228
1342138
1108633
1194485
1221048
1279884
1043163
1235806
1164577
1204194
1322665
1169025
1060310
1417706
1187501
1291362
1401677
1142099
1243492
1309451
1398511
1154401
1330497
1008054
1198324
1206666
1210690
1172767
1412503
1076982
1271359
1416769
1171756
1161707
1036151
1413474
1349839
1089442
1113263
1299439
1192155
1385384
1297610
1296549
1168489
1142538
1078611
1199158
1053419
1044275
1276070
1057271
1087176
1332535
1137930
1111790
1331360
1259120
1225686
1099536
1141278
1087636
1347582
1093981
1187356
1314599
1026270
1096294
1106764
1300503
1298351
1245524
1289342
1215312
1262147
1104681
1039889
1276807
1307011
1086692
1086207
1330172
1130012
1174543
1374545
1320878
1123457
1002653
1051408
1357241
1387170
1233552
1133569
1227608
1001704
1021243
1275451
1019266
1179522
1140820
1010761
1010197
1350319
1186751
1014604
1075066
1271647
1049492
1201457
1242138
1371088
1138840
1190970
1378458
1023796
1017580
1107163
1212775
1325320
1147358
1194392
1217149
1234460
1001157
1206539
1299703
1396211
1087799
1403277
1129190
1153510
1145775
1207495
1415725
1374666
1110724
1051194
1407300
1021914
1095492
1384166
1171851
1000075
1342381
1201618
1012734
1369427
1362108
1405786
1179827
1140128
1030468
1092561
1262684
1261810
1084747
1291504
1389071
1384410
1120479
1315235
1284445
1375817
1272932
1409223
1351121
1144492
1238345
1405780
1237243
1322596
1318918
1114302
1187449
1102346
1395366
1331602
1184088
1405424
1061974
1068542
1055329
1356147
1146690
1197464
1371588
1215512
1298359
1087008
1387365
1159446
1103189
1186422
1152143
1349573
1327297
1414725
1165201
1133402
1035800
1022035
1364622
1332466
1315962
1039788
1342893
1247342
1348443
1319330
1058320
1073838
1412580
1374687
1197341
1374632
1350651
1330266
1055547
1201366
1260557
1312934
1336772
1069662
1163154
1184911
1327254
1065885
1165031
1042298
1105101
1370605
1238075
1152685
1320216
1040920
1251214
1003826
1334589
1105651
1205595
1306179
1111081
1000594
1245344
1173278
1276385
1056416
1337851
1371306
1057300
1157712
1093997
1238249
1397858
1286598
1415251
1361309
1272914
1262559
1369836
1066143
1111638
1036585
1315184
1186318
1229739
1115330
1290216
1102116
1334479
1029416
1012258
1014579
1349530
1398846
1092207
1329757
1184846
1043709
1385022
1320936
1150473
1311525
1316962
1345270
1114333
1028274
1076473
1080324
1092246
1308983
1341946
1242006
1307799
1300425
1168153
1244491
1315255
1225083
1172621
1362621
1281871
1224516
1140775
1385463
1173487
1232791
1356693
1273724
1323783
1394629
1019978
1192764
1057045
1274731
1063320
1084039
1133819
1170410
1328670
1406576
1340386
1088273
1060496
1317085
1215223
1118859
1313915
1157440
1027239
1183905
1113087
1301003
1137738
1303945
1044926
1138766
1297832
1272590
1154657
1187701
1079017
1397866
1020641
1363829
1385040
1343690
1173608
1186266
1127223
1254843
1255305
1355994
1047925
1263252
1368661
1386129
1412401
1044657
1410980
1050289
1343363
1173834
1346663
1179324
1265426
1345035
1287034
1290795
1198511
1060577
1409087
1267269
1248167
1138809
1023157
1361743
1303683
1271825
1026069
1078654
1187669
1131941
1055316
1183737
1051757
1182402
1167764
1076322
1126002
1262555
1141269
1322625
1289515
1395337
1391871
1057806
1217767
1102814
1181513
1009908
1217039
1396725
1019797
1219959
1168384
1019287
1228670
1262837
1279720
1008559
1260460
1348259
1124918
1268258
1201003
1168146
1377785
1287949
1235495
1247807
1159325
1372403
1390656
1331603
1149438
1365678
1070127
1377177
1127302
1216312
1198882
1359462
1193111
1313591
1215878
1005519
1354722
1339340
1318460
1245485
1375381
1315964
1141496
1299850
1095621
1325808
1033175
1157731
1387840
1300230
1379602
1279443
1081871
1331896
1206157
1261288
1211564
1238013
1240243
1169680
1237330
1244298
1240696
1206204
1091627
1098871
1167309
1323379
1294097
1253752
1312183
1136783
1339202
1381141
1196174
1187857
1256335
1125240
1264895
1260354
1165829
1302616
1274314
1271691
1035440
1276606
1223018
1257124
1300572
1242909
1159923
1124178
1176295
1398170
1216752
1309610
1147423
1137518
1357947
1026802
1310777
1265549
1023346
1056600
1076803
1127366
1069558
1383488
1417450
1308007
1142775
1318383
1096896
1142344
1387875
1341579
1003721
1396265
1403705
1157877
1193845
1279939
1291082
1357719
1329093
1011794
1137882
1266528
1389260
1083552
1116173
1314375
1399970
1236256
1067861
1039810
1295307
1332815
1337005
1152617
1188310
1382624
1392040
1282233
1149737
1077225
1375639
1130906
1046244
1383682
1046349
1318971
1384901
1295431
1011060
1050031
1104069
1050405
1341554
1334182
1032422
1406046
1331732
1155859
1221453
1397326
1255101
1347587
1272832
1015671
1036128
1382323
1355148
1057146
1057996
1144793
1371387
1366830
1307467
1395575
1340362
1407508
1214886
1295309
1064019
1362590
1279673
1163902
1392124
1201171
1095457
1197455
1395564
1306150
1379943
1141896
1127451
1383752
1310364
1194818
1219514
1235409
1333553
1233009
1073709
1373598
1096326
1165195
1408902
1163166
1110387
1414245
1175191
1075998
1093814
1065077
1380477
1111531
1203240
1365959
1355726
1271122
1385461
1000374
1294380
1386257
1014713
1093837
1085264
1117064
1209681
1040122
1023036
1412944
1319577
1350233
1145158
1177605
1325677
1322182
1252241
1338706
1315838
1053206
1014812
1316924
1175674
1218865
1118458
1118025
1065061
1267975
1191807
1298086
1114146
1130536
1390461
1191002
1284415
1276006
1036928
1388891
1010946
1127210
1238081
1305246
1055213
1204273
1282076
1326283
1287020
1316572
1339593
1077706
1275682
1380800
1014913
1255250
1203751
1328010
1272846
1167384
1171849
1298182
1351021
1348385
1392046
1155478
1143670
1022117
1032131
1114214
1322121
1232817
1354738
1091250
1190350
1140619
1266396
1084581
1128519
1395555
1306485
1128003
1047370
1059897
1406853
1183419
1020580
1096926
1171687
1100705
1395093
1325264
1130558
1152041
1267142
1259216
1316520
1042597
1059812
1192219
1064882
1379074
1287021
1185539
1326457
1106135
1315448
1326407
1374391
1089700
1241353
1395902
1209370
1148028
1020741
1062279
1349421
1159725
1244867
1402266
1118960
1293508
1389991
1092109
1365233
1143829
1197487
1180579
1082794
1290132
1087098
1032301
1306603
1367562
1325393
1225575
1318792
1148125
1015167
1029051
1392061
1165480
1221934
1195969
1165341
1226386
1093115
1355867
1235693
1066015
1321111
1298073
1312284
1211930
1292719
1350744
1113561
1298183
1155597
1415116
1166660
1157825
1179840
1337106
1037668
1300229
1144382
1124246
1134093
1351623
1252197
1406315
1063687
1100000
1266220
1397356
1352226
1128019
1077261
1205439
1269304
1347202
1026686
1069163
1216740
1376524
1203891
1195284
1266631
1373113
1202732
1316142
1329541
1083016
1351173
1379393
1018235
1338054
1299250
1160223
1288438
1049317
1155386
1125856
1025352
1219650
1238762
1113816
1326794
1249944
1313719
1126325
1194947
1209421
1111472
1416779
1331320
1250634
1176466
1223354
1122286
1040116
1329461
1178137
1297534
1396719
1320827
1027467
1201025
1180691
1015005
1186150
1306533
1007555
1146221
1248978
1158378
1321875
1384827
1049043
1086401
1284066
1182265
1347819
1089252
1242034
1161728
1197427
1235324
1239005
1049077
1099131
1207583
1158223
1334152
1322846
1400514
1229663
1159501
1307975
1081785
1394396
1073216
1062240
1348704
1310868
1074323
1356699
1337525
1282497
1071658
1188862
1015243
1180215
1293222
1266076
1090781
1224209
1152354
1048447
1073207
1256018
1255611
1208250
1338847
1271513
1155264
1312161
1374499
1160761
1188815
1251560
1145902
1013387
1258590
1287173
1043975
1198004
1360451
1334363
1043538
1203542
1236261
1271503
1287800
1044821
1189708
1022602
1363261
1039544
1406201
1281515
1161049
1003353
1222089
1269457
1296435
1227147
1038825
1346628
1373949
1019548
1146999
1304869
1360187
1139401
1017291
1375260
1273549
1277919
1387891
1344824
1342564
1317732
1283278
1204583
1233108
1011686
1091979
1160432
1143163
1354401
1375798
1063276
1280765
1294882
1208578
1056822
1296844
1322362
1309120
1337871
1188613
1209940
1231808
1362693
1284008
1242586
1310542
1243254
1348679
1056217
1353898
1009705
1179199
1072815
1232711
1016347
1152703
1342547
1417219
1323814
1071109
1309916
1311840
1355212
1232049
1376797
1108381
1034645
1197043
1369941
1225794
1000579
1276316
1072159
1036634
1314362
1151643
1104985
1001762
1170463
1003499
1293718
1402911
1297621
1322627
1343523
1391306
1204341
1317606
1280900
1400158
1385403
1355098
1299939
1181325
1400398
1010931
1390290
1130679
1102241
1048618
1049874
1286701
1290487
1161907
1213029
1250741
1113529
1062459
1364610
1178794
1081583
1210271
1308721
1414429
1259890
1212010
1203861
1234695
1226016
1332821
1347946
1068586
1017266
1234718
1101915
1044023
1037362
1277966
1338145
1244879
1410181
1380674
1298831
1333452
1348001
1095167
1021150
1369877
1101985
1036548
1417193
1407879
1200121
1102666
1294494
1112550
1012226
1268082
1100286
1184475
1120183
1091984
1302265
1037904
1379091
1367972
1220868
1231769
1379848
1096295
1028637
1146043
1385559
1097797
1090002
1405685
1411452
1058172
1362603
1214602
1080906
1246390
1413203
1257767
1075234
1318204
1391348
1204362
1303958
1330545
1401773
1224043
1150464
1363222
1216685
1167932
1215619
1282747
1125358
1076815
1006902
1104467
1110537
1087937
1149097
1257827
1262401
1399893
1381369
1212349
1256205
1106163
1055236
1303710
1112311
1312221
1089936
1191934
1189689
1344369
1090078
1063586
1216781
1225880
1261750
1205882
1074415
1208945
1035826
1330580
1197590
1118595
1412436
1155399
1011340
1060176
1253098
1292642
1400368
1399576
1349875
1229923
1254741
1023154
1283391
1301099
1133978
1282183
1246372
1007090
1225752
1218435
1352740
1040179
1035240
1272504
1361855
1381318
1275662
1408968
1158871
1238644
1398483
1208274
1290184
1378190
1060897
1178314
1375940
1392357
1054374
1293377
1288913
1190297
1085506
1113605
1416693
1080942
1072167
1197744
1060540
1043459
1329498
1408566
1064359
1344669
1210847
1280683
1144306
1402217
1017964
1021980
1338394
1309352
1188110
1122114
1194764
1400077
1040759
1176683
1150427
1293999
1334017
1144765
1257692
1261177
1382133
1247836
1063646
1113519
1223438
1318115
1058693
1178764
1138144
1356456
1296973
1249299
1379967
1188241
1371978
1241261
1157956
1318978
1406715
1199610
1398457
1346693
1252038
1365193
1156821
1312789
1371787
1360290
1210290
1281781
1094091
1398740
1190706
1000139
1188010
1290992
1166107
1121555
1194550
1399216
1313071
1018522
1102580
1284370
1371848
1016623
1054870
1129442
1189844
1112071
1185304
1351162
1398306
1302090
1113650
1200565
1301821
1360321
1100914
1213841
1293320
1090029
1191710
1395398
1093326
1352972
1310095
1066602
1411222
1001735
1187750
1086017
1049655
1199056
1140023
1050255
1249298
1043800
1045895
1360271
1023367
1093464
1218614
1296950
1291832
1309929
1318153
1119125
1025495
1309600
1109702
1308446
1292289
1277226
1115040
1034658
1238959
1040684
1144951
1051465
1255896
1337474
1128094
1093591
1139587
1327112
1328959
1407345
1166834
1260323
1219819
1102646
1219375
1141839
1286989
1044193
1032842
1270241
1140275
1287626
1121943
1185045
1039079
1117827
1306974
1247134
1015611
1261479
1156718
1174982
1047668
1324534
1228316
1087827
1249090
1349624
1047354
1043347
1073731
1097379
1234569
1195437
1265804
1121382
1196331
1150775
1028975
1264115
1159322
1164426
1336526
1070816
1417111
1253544
1235232
1025398
1345100
1120259
1171445
1391182
1150689
1336024
1378738
1334791
1062806
1222343
1036726
1252410
1107592
1091947
1343627
1174730
1120110
1099763
1146130
1117978
1007646
1270836
1118656
1233695
1126406
1178459
1199366
1245258
1020736
1394198
1241382
1383753
1382619
1339915
1074664
1005000
1069704
1382254
1069295
1407721
1122982
1293118
1128692
1344495
1366941
1214050
1022289
1380638
1048155
1023610
1041399
1009358
1177005
1084300
1231008
1059838
1371041
1301852
1281646
1062158
1205438
1350481
1031425
1019350
1133567
1273700
1295620
1160258
1355219
1403258
1240257
1282045
1005159
1370585
1336168
1103309
1371813
1291185
1181968
1369784
1401801
1389941
1417457
1045371
1247531
1355011
1113483
1066986
1327523
1286499
1298602
1096763
1081322
1389276
1137081
1284474
1343940
1034858
1261133
1368090
1276121
1292630
1278688
1277219
1141049
1018115
1392559
1397347
1166779
1006464
1159747
1268728
1344194
1262294
1307942
1300417
1332956
1021234
1115776
1311610
1219473
1315582
1405285
1131891
1316747
1191423
1176322
1390391
1275154
1378379
1190835
1038814
1331281
1089124
1376500
1317985
1050917
1317961
1034166
1093002
1040005
1385116
1337370
1083970
1092328
1285706
1070950
1410024
1246225
1177781
1396475
1380739
1140669
1351065
1393003
1299153
1108760
1376369
1406023
1163885
1019325
1057304
1172319
1270993
1338491
1387155
1343950
1128673
1147979
1321827
1078756
1168448
1393387
1149109
1331918
1076334
1110158
1302197
1145058
1107457
1327586
1382978
1082497
1336648
1214905
1136729
1371427
1323580
1403026
1180193
1212669
1333090
1112235
1358956
1405165
1094560
1172052
1360602
1081798
1353456
1035529
1380689
1048524
1103424
1257270
1008113
1182348
1083731
1354911
1040285
1090335
1146844
1198813
1152556
1014984
1197363
1070911
1058426
1208159
1360015
1352437
1002615
1259551
1022547
1023736
1343850
1046633
1181284
1254432
1381627
1267073
1064157
1343398
1327416
1115528
1045432
1182711
1237059
1175722
1373509
1071311
1087607
1033337
1320734
1183219
1157524
1405986
1271835
1144214
1307676
1380087
1142629
1356767
1398757
1228817
1391822
1169528
1112841
1256362
1240855
1392487
1377071
1098239
1312310
1226667
1071879
1122978
1263168
1250797
1359033
1296467
1361452
1307908
1275370
1321813
1399261
1376615
1303588
1052495
1153709
1262231
1339311
1137917
1199299
1178552
1150267
1347454
1287201
1059706
1006455
1166025
1253336
1129735
1006922
1002445
1242222
1367233
1341211
1190531
1078869
1308415
1207082
1305278
1364202
1416650
1206358
1019726
1025672
1352604
1329562
1238043
1271149
1059011
1184757
1291730
1265851
1265581
1050455
1096899
1332899
1338965
1269328
1030365
1368317
1076067
1297740
1272084
1081173
1407546
1177564
1104161
1131211
1198417
1054027
1288155
1319268
1267989
1150064
1320597
1015003
1028282
1164865
1196433
1411087
1092734
1413849
1200817
1265543
1261195
1261191
1411160
1233159
1407074
1296901
1360382
1273991
1380911
1094699
1069956
1153198
1235716
1321871
1036761
1061507
1239341
1023265
1170107
1408735
1287967
1175185
1342424
1129406
1113666
1085661
1226184
1002974
1169629
1402386
1206887
1191929
1010765
1275713
1088268
1407646
1408741
1356559
1291677
1123316
1224496
1226302
1406741
1114543
1284801
1342280
1164550
1015872
1226421
1090588
1178310
1185475
1035810
1322476
1367297
1404446
1048442
1398417
1416426
1111271
1336574
1255361
1414365
1141433
1051235
1064410
1269197
1006230
1181970
1094381
1392974
1353389
1307761
1289603
1140603
1190837
1055899
1034621
1140971
1259693
1048135
1334601
1180218
1061194
1388058
1302179
1335926
1125981
1158930
1389480
1236542
1391229
1172955
1244423
1204290
1402871
1399765
1378849
1386663
1056775
1152521
1005076
1350320
1408226
1301945
1039498
1310909
1145062
1348963
1039736
1127671
1168259
1160062
1093346
1010796
1372678
1052286
1395548
1021423
1067237
1184117
1114014
1392840
1380006
1272566
1245756
1034314
1255982
1124439
1001903
1410253
1384312
1339930
1395137
1105466
1153424
1008466
1123921
1154532
1266343
1405759
1269991
1300727
1349867
1316926
1298716
1392179
1231655
1183395
1117251
1022814
1089473
1049001
1028300
1062587
1014022
1349499
1101981
1305690
1076873
1156104
1053386
1203182
1071507
1264745
1185570
1024351
1240935
1204363
1337635
1354610
1400269
1262875
1416333
1057822
1215259
1286781
1026381
1137236
1095981
1195881
1018946
1330515
1035841
1356369
1200771
1229675
1061884
1384658
1147731
1137383
1326227
1149939
1228470
1134239
1338311
1121674
1280619
1269665
1243947
1290230
1406905
1296460
1201226
1339834
1239712
1056739
1124382
1058010
1327388
1169179
1216790
1174697
1292824
1355566
1180763
1182564
1084500
1060152
1123850
1169446
1193153
1407421
1316950
1230815
1001508
1171220
1163222
1406055
1317742
1014802
1083812
1152687
1388926
1229470
1380663
1222594
1365274
1279498
1099107
1348227
1357408
1266471
1194898
1286182
1397607
1096003
1269985
1107841
1178407
1312793
1166178
1235724
1265408
1098257
1253776
1146026
1118775
1109322
1174435
1245791
1253978
1116057
1408356
1142789
1224980
1310519
1355855
1268569
1035332
1334898
1040108
1271363
1077105
1096851
1257579
1083947
1067719
1379636
1234042
1020516
1357235
1212586
1352574
1280463
1055867
1029407
1249561
1248815
1409966
1322984
1119263
1153666
1062919
1394501
1072596
1060421
1104935
1242581
1173057
1358055
1106074
1390662
1156930
1312209
1359952
1102971
1225610
1075412
1201975
1284263
1335351
1121105
1417348
1102840
1028516
1196230
1246751
1241372
1206626
1100742
1230973
1417234
1383790
1051050
1126970
1219500
1374869
1128205
1364138
1354055
1259483
1312100
1379023
1339623
1199700
1130363
1305874
1012981
1281823
1132477
1019381
1130069
1305341
1290103
1079695
1195068
1164610
1312107
1390992
1320028
1120086
1256871
1290577
1278638
1237552
1360484
1229735
1244651
1054075
1165866
1398674
1025333
1308948
1221814
1396486
1359730
1305587
1347642
1392718
1216683
1170436
1018461
1161261
1124806
1057779
1273282
1247588
1289587
1075279
1194922
1252097
1149418
1069225
1001682
1357884
1217906
1030912
1291116
1165142
1035514
1106017
1358107
1055505
1051214
1109608
1366154
1353372
1100207
1001223
1125590
1279736
1362480
1321526
1305508
1229894
1071764
1325096
1061265
1293952
1008931
1198671
1313625
1271879
1057735
1084025
1356632
1124422
1122514
1228463
1297184
1171485
1159788
1176941
1040015
1277367
1136063
1125256
1198085
1087925
1188630
1321095
1343710
1326405
1218110
1146773
1350295
1374830
1164242
1004286
1280971
1354391
1386482
1134222
1360535
1389589
1277280
1007215
1015732
1160247
1277981
1027478
1156394
1380090
1179046
1199954
1003573
1395102
1092065
1311984
1405573
1329330
1152278
1404459
1348740
1229752
1244305
1234320
1095121
1111148
1254829
1354353
1326229
1003251
1190790
1323587
1073795
1087648
1175555
1317582
1307400
1113300
1203261
1149892
1251325
1202354
1387745
1366143
1375385
1051403
1034458
1403115
1228248
1170879
1022751
1011872
1044102
1410237
1098266
1102172
1202707
1376592
1035396
1052403
1402134
1127393
1160480
1176652
1257797
1133351
1048603
1345608
1060538
1226567
1179057
1211266
1268127
1001824
1245881
1372066
1364816
1230549
1401513
1298211
1174433
1251472
1169972
1341315
1201169
1080381
1233724
1408689
1106653
1218618
1348264
1241216
1076797
1162913
1124175
1311308
1276886
1345253
1259437
1261242
1194473
1370105
1230073
1315033
1131004
1082307
1239929
1286044
1185967
1060053
1304830
1237172
1117273
1218739
1094651
1249450
1087909
1151534
1107970
1240360
1053651
1062120
1200328
1268299
1395291
1411965
1104450
1013732
1307140
1200438
1338294
1047420
1181810
1101715
1095429
1028683
1053854
1088512
1375584
1078922
1359592
1366321
1266302
1059332
1262573
1146461
1027191
1129811
1284530
1213480
1160471
1283150
1388107
1014113
1414643
1329058
1089922
1368756
1002657
1397279
1265420
1202787
1141262
1287569
1315575
1371976
1351508
1394493
1177684
1039370
1095411
1071826
1126432
1156020
1236214
1005399
1295806
1389163
1354643
1242158
1105948
1403178
1009211
1093179
1415536
1057111
1233914
1296602
1063796
1368627
1200718
1389118
1194864
1091834
1382102
1397977
1159155
1052831
1379311
1079963
1236596
1118019
1306073
1205386
1070826
1152988
1136355
1412168
1004857
1122556
1377919
1168099
1189529
1390698
1393007
1009204
1035591
1312500
1026580
1295113
1341429
1325701
1158315
1372274
1193354
1383619
1367877
1392263
1077580
1316251
1393856
1415687
1338924
1012188
1004026
1295532
1216337
1344164
1024999
1161170
1335766
1216698
1257208
1062846
1203018
1269722
1009562
1074028
1139665
1108593
1314727
1213688
1020681
1123021
1408766
1219702
1206290
1190312
1056101
1235363
1179076
1171369
1223468
1148126
1324121
1332380
1259116
1277431
1211004
1222502
1352898
1412558
1372997
1183111
1217012
1119771
1247653
1120661
1120047
1011402
1132969
1408070
1238285
1115524
1385968
1167127
1140533
1199608
1239578
1298319
1173615
1096692
1000965
1293783
1024722
1304370
1081921
1408046
1317357
1349537
1230690
1161811
1274351
1368307
1084468
1050664
1279281
1294504
1386066
1127954
1292220
1060842
1118483
1134084
1360223
1365457
1295761
1252564
1117630
1101040
1180031
1103406
1381498
1268039
1029048
1382801
1047510
1401201
1053025
1142608
1171173
1153937
1159741
1206995
1310508
1067157
1123745
1278565
1160773
1352335
1411060
1243505
1092070
1259264
1004973
1382862
1154892
1221596
1125472
1316476
1326723
1413611
1225274
1347147
1393524
1026966
1194269
1202008
1197221
1351927
1359515
1210055
1068986
1172584
1389134
1347508
1279645
1097790
1390114
1254464
1170544
1290504
1314619
1034486
1272275
1062242
1395489
1072365
1389551
1201237
1166681
1318876
1124536
1207283
1394405
1107505
1016458
1037920
1077029
1281956
1188425
1012666
1398802
1376175
1025669
1150939
1383993
1255971
1359138
1291381
1338771
1356803
1000944
1361763
1047324
1066851
1388839
1366867
1195576
1278290
1219721
1302272
1061764
1235866
1276760
1298911
1278197
1283235
1069004
1022071
1413247
1414085
1231943
1328488
1197414
1231960
1054422
1150952
1157326
1398087
1331080
1317401
1312298
1050558
1272767
1023399
1079634
1311382
1379683
1371191
1299246
1127953
1265470
1274470
1284725
1360515
1329813
1166036
1236526
1345200
1349651
1104393
1015539
1373545
1117332
1330830
1371404
1373955
1066968
1042605
1126980
1131293
1102295
1070145
1137185
1080364
1060090
1091970
1158175
1030534
1399700
1258508
1007040
1166508
1010349
1244470
1208145
1400983
1094620
1031022
1049930
1239144
1042961
1094913
1331051
1083036
1158928
1149226
1346995
1149265
1270795
1344217
1406477
1187223
1134330
1066082
1310455
1362961
1072356
1366524
1083073
1310437
1201462
1117842
1021387
1001654
1054842
1276941
1270612
1321628
1392004
1263519
1249356
1019139
1246921
1286091
1037657
1368983
1226204
1018879
1153020
1308995
1088062
1277649
1006834
1388977
1167427
1094596
1414515
1351365
1184025
1024798
1411813
1313225
1154556
1405700
1027162
1414100
1316415
1391536
1023232
1270632
1050874
1310503
1373536
1191515
1368656
1133369
1336401
1328614
1220853
1360315
1412361
1265397
1291993
1299754
1259670
1347288
1067444
1100251
1155570
1252028
1009180
1331768
1355358
1019693
1230326
1264532
1131009
1012977
1365864
1202196
1144232
1308783
1305831
1009560
1103498
1211404
1109727
1189585
1148879
1405477
1392435
1282175
1144445
1163719
1054605
1252343
1017251
1000857
1131127
1165022
1292527
1166685
1256066
1348365
1268368
1045755
1215853
1331697
1332283
1049011
1263005
1172191
1110936
1272041
1197890
1249441
1182192
1081126
1116719
1115932
1225825
1259403
1180963
1195328
1399978
1124843
1173634
1122645
1190239
1044391
1255863
1171782
1242124
1328279
1395105
1190785
1092017
1020686
1149715
1276074
1401374
1197217
1362277
1401721
1166632
1056415
1209265
1407980
1102405
1157157
1146380
1396031
1348904
1299085
1095238
1320925
1121317
1330602
1059311
1354960
1180965
1321763
1352909
1059269
1133455
1036957
1225326
1099893
1359688
1382591
1207535
1144972
1245416
1405598
1005332
1353945
1247666
1044491
1358085
1326782
1225148
1132545
1360785
1374367
1179614
1226339
1414488
1178887
1056370
1013769
1123289
1271875
1235188
1210839
1208485
1012136
1370137
1230727
1200085
1148916
1310949
1050166
1029165
1416825
1372431
1021195
1323937
1178394
1300943
1243540
1129779
1063441
1200921
1340294
1213464
1194032
1093028
1064244
1156045
1080125
1178294
1299188
1128411
1255429
1060081
1389803
1074765
1075304
1192434
1070175
1298667
1415784
1117182
1163956
1255086
1089624
1185432
1152461
1132103
1237346
1230499
1351260
1021838
1219468
1371268
1012251
1003670
1215063
1081212
1277567
1024658
1191213
1055282
1322954
1313081
1089205
1342992
1240485
1233956
1044895
1158154
1296279
1051126
1253725
1380403
1157331
1341810
1283576
1201883
1052241
1052927
1363970
1135682
1184558
1181509
1133600
1171036
1261896
1244312
1083430
1016897
1119707
1258067
1083118
1333453
1374484
1130361
1403966
1257159
1379766
1170233
1167696
1379181
1313627
1210104
1034668
1320458
1236991
1279248
1065708
1331267
1023164
1221117
1251807
1284013
1189999
1317433
1323544
1220639
1279366
1113892
1220441
1053732
1146522
1400855
1105607
1255076
1243571
1331430
1304564
1042351
1004452
1308170
1072382
1110099
1264138
1237965
1358889
1031853
1218691
1332658
1127567
1318154
1051510
1056516
1096060
1410579
1122529
1400287
1093929
1236531
1262768
1059708
1362766
1097676
1396436
1081469
1296407
1332548
1237637
1348380
1079069
1316936
1393412
1404814
1388214
1127208
1152768
1008839
1197172
1197678
1411138
1238590
1177029
1213821
1406460
1172662
1267765
1012839
1389613
1305301
1108744
1261668
1385417
1392523
1220104
1245161
1063906
1185850
1189129
1073137
1050889
1339499
1262632
1270192
1211603
1177082
1131696
1303033
1178350
1137736
1209341
1324432
1416697
1143718
1200324
1281420
1283676
1139146
1305091
1060788
1179277
1004862
1176026
1007044
1222069
1182926
1188175
1366018
1273667
1018403
1139096
1137718
1066490
1343380
1320835
1264563
1348149
1358064
1194694
1334008
1003620
1052275
1172185
1079709
1108145
1069805
1036716
1351095
1228266
1200209
1400887
1160204
1118135
1287083
1048110
1347355
1114583
1007489
1284274
1255230
1144046
1126823
1065661
1199807
1291478
1251620
1135563
1220521
1079821
1387851
1058910
1405138
1037233
1062489
1191893
1236504
1003816
1393176
1230786
1074459
1133008
1355229
1239381
1330137
1075903
1410240
1274670
1226365
1144804
1343888
1389287
1109638
1290651
1023615
1109225
1268075
1361423
1164176
1007640
1264423
1098279
1347083
1060323
1341595
1204962
1331535
1354361
1152681
1321183
1073091
1353228
1336319
1079605
1187997
1321382
1335656
1057902
1086366
1286137
1270577
1022186
1291255
1188155
1125606
1349526
1128155
1252506
1357841
1258800
1053160
1184445
1244031
1059250
1152058
1328428
1105225
1283085
1403118
1283106
1302748
1003889
1302006
1091068
1405283
1298629
1203424
1213554
1155746
1247633
1268993
1100063
1306653
1401032
1144783
1005431
1016357
1030052
1185894
1094787
1226096
1097568
1322611
1169396
1255714
1164526
1008526
1383040
1400496
1119456
1341255
1370308
1107923
1132508
1122133
1227817
1058011
1183116
1143827
1092030
1299943
1326429
1191785
1276288
1029311
1251521
1024155
1079738
1377232
1002680
1170984
1329560
1417349
1388984
1250887
1203289
1235708
1345648
1111696
1092633
1012587
1314881
1090059
1221237
1066454
1121411
1261426
1010394
1390587
1115973
1182901
1218542
1254064
1228055
1376536
1222473
1328341
1106702
1171577
1190737
1364348
1270164
1384049
1410407
1257831
1036988
1036992
1216358
1220092
1025301
1404953
1346309
1155141
1260042
1387768
1415907
1343753
1263083
1167703
1202750
1277840
1291867
1203436
1398297
1216779
1128720
1313327
1213872
1170802
1035017
1328694
1139169
1292680
1273983
1345430
1060150
1252531
1143465
1076562
1351012
1294120
1250012
1160696
1190684
1391386
1141046
1196828
1245101
1079005
1296059
1040718
1359680
1126777
1035732
1380274
1395360
1061494
1183867
1074803
1288996
1155389
1189606
1085931
1163227
1009085
1372199
1050980
1367384
1393569
1334010
1158514
1148898
1196300
1299923
1108600
1405259
1024801
1195254
1296786
1037178
1378257
1033555
1144988
1003048
1136630
1361800
1122009
1063114
1177835
1106064
1269745
1356900
1005557
1231248
1406097
1415213
1142534
1170275
1351519
1254129
1076434
1094857
1060786
1308195
1109643
1167896
1174667
1275434
1236408
1007883
1224475
1137095
1362350
1323959
1330023
1358778
1413048
1147471
1192202
1386148
1023171
1046847
1382466
1327868
1192686
1309973
1359995
1159054
1406881
1248070
1248821
1193135
1366839
1303376
1143335
1234762
1000861
1087885
1327581
1072890
1117714
1296646
1359092
1386139
1034572
1191122
1408121
1384322
1200321
1371725
1256846
1029399
1100808
1011517
1216994
1053441
1278958
1237946
1131688
1188971
1247522
1136771
1355471
1100936
1017114
1090116
1027305
1029412
1091435
1123266
1027998
1098602
1051515
1160357
1405630
1224270
1283510
1278793
1128985
1395149
1298160
1111772
1043386
1344921
1084932
1118642
1176288
1090861
1330407
1410717
1097067
1272213
1045481
1258579
1355488
1396235
1066074
1354058
1002618
1223715
1209839
1125315
1092228
1274559
1321551
1234319
1272418
1041928
1192665
1084419
1379478
1041523
1214557
1371321
1333127
1180270
1157630
1316765
1246186
1397482
1086591
1119373
1253117
1030473
1118089
1055057
1192889
1219257
1249902
1052752
1082203
1133747
1293913
1117643
1286268
1290939
1004000
1163056
1298910
1396851
1254887
1349692
1304383
1213514
1204746
1183056
1174075
1260756
1262734
1098594
1308149
1167063
1343455
1394443
1184140
1177972
1106223
1118468
1030200
1288400
1064622
1374292
1330205
1415941
1338429
1234146
1303792
1180525
1323261
1365851
1315482
1175054
1276088
1399133
1247363
1396530
1182198
1052825
1092586
1416150
1305244
1130013
1167278
1406310
1352894
1268873
1273399
1109009
1075534
1271785
1064802
1348774
1367697
1053414
1212457
1066889
1314145
1244933
1053533
1278181
1201356
1346618
1244851
1384167
1306219
1108646
1120269
1014004
1105042
1281542
1122587
1365733
1351616
1021086
1302632
1307932
1108517
1084513
1277861
1188765
1383324
1087919
1105547
1117125
1182817
1248045
1097326
1349350
1311250
1082318
1348875
1248696
1159492
1264779
1198690
1271435
1183290
1292957
1388365
1247138
1011847
1389188
1380438
1236583
1282266
1383657
1195272
1050264
1323244
1133495
1221426
1027421
1278735
1408404
1401751
1201097
1217233
1141953
1124419
1311322
1168120
1058304
1273842
1074447
1392766
1011254
1214930
1131708
1247284
1340491
1325927
1358841
1384520
1022037
1013373
1047429
1056010
1278497
1181814
1304448
1144022
1371731
1131743
1112184
1229931
1123380
1031421
1045740
1381015
1337844
1319746
1013519
1175167
1002412
1141051
1039145
1310566
1029922
1106687
1320059
1323342
1076602
1311239
1128718
1099917
1196701
1251719
1207600
1163130
1239720
1372613
1415773
1183321
1215381
1211235
1235254
1385842
1310318
1405301
1235620
1048284
1159313
1198976
1395630
1092665
1313201
1178481
1105794
1272568
1196552
1165972
1399246
1081747
1167058
1126492
1103009
1403891
1190539
1023929
1068395
1395046
1183567
1284135
1333425
1120670
1255690
1353895
1242029
1307048
1330831
1203401
1169049
1082389
1401755
1073717
1215558
1358921
1021776
1057843
1003428
1099307
1384990
1340142
1402794
1098831
1129405
1380218
1273348
1368386
1266760
1348975
1234535
1100731
1004628
1014391
1327775
1187619
1210772
1195116
1319269
1310561
1355385
1072191
1186865
1070714
1235142
1034196
1268502
1191976
1320503
1150109
1226776
1386374
1098536
1254764
1394550
1083026
1134661
1173176
1075514
1137119
1257960
1155516
1360745
1362435
1288821
1015102
1126339
1162327
1269179
1284397
1278254
1356634
1101200
1282615
1146898
1038107
1181836
1135474
1091069
1157104
1030382
1011033
1029498
1213923
1154460
1233662
1392409
1396551
1386994
1316627
1214157
1335370
1036200
1181855
1203245
1155907
1106732
1326189
1156329
1041254
1251424
1318267
1278721
1216734
1061918
1382543
1298410
1363027
1354790
1392185
1257251
1336797
1071925
1068445
1143553
1302865
1180793
1063153
1405097
1293627
1077160
1097712
1107868
1287558
1392534
1027743
1393088
1356505
1353287
1334492
1152578
1333985
1312461
1206172
1355188
1389877
1035636
1406566
1129092
1114685
1320272
1348142
1329867
1340950
1344602
1139109
1179080
1001266
1012608
1378370
1399556
1354356
1130316
1213720
1171670
1411776
1090849
1228787
1115562
1337039
1024596
1147618
1231876
1004679
1244839
1368713
1222189
1368469
1251736
1375988
1369229
1262947
1222610
1376649
1021460
1036782
1326306
1036515
1087960
1053172
1298469
1105001
1390629
1403265
1122068
1243068
1384289
1336321
1341328
1044058
1233965
1372653
1092750
1207071
1015029
1031597
1390848
1167779
1373364
1166350
1211094
1117115
1033922
1330240
1366323
1301081
1101931
1348310
1030771
1051184
1220419
1353049
1275882
1330442
1186107
1378122
1030567
1241045
1043895
1399473
1123997
1408129
1005716
1069420
1304996
1205870
1332188
1350291
1371961
1243116
1227339
1085281
1177402
1344253
1343767
1047145
1269144
1059740
1055001
1287814
1225440
1307433
1200943
1349259
1069432
1265989
1170123
1034086
1269186
1157484
1282585
1013069
1014090
1047257
1296181
1051720
1257145
1290250
1290224
1296581
1283439
1254799
1026898
1068692
1366009
1147933
1164422
1177718
1294223
1001807
1296852
1106383
1169677
1261284
1121434
1158150
1070881
1008604
1309622
1086510
1273168
1327651
1181317
1321675
1408581
1085546
1128811
1081175
1280899
1306417
1225321
1303336
1102945
1399178
1109084
1264077
1313541
1129905
1246357
1220956
1004196
1100953
1379002
1019437
1401062
1206568
1029195
1038161
1070947
1380055
1102133
1009251
1300155
1229500
1169548
1134212
1084304
1118640
1025044
1397023
1206542
1235688
1165819
1070367
1363931
1294048
1073414
1313596
1017878
1146965
1011194
1381383
1087614
1060340
1194837
1175540
1163928
1087407
1370763
1253225
1135382
1396932
1046762
1149240
1365096
1231157
1345615
1116793
1201491
1217189
1009797
1331561
1109036
1132416
1282051
1281433
1328850
1237813
1211986
1204143
1046202
1327534
1191627
1124639
1168623
1361133
1161449
1356629
1074983
1384978
1116378
1205305
1132419
1163454
1308152
1250098
1326331
1137432
1287312
1363581
1222947
1411069
1243915
1316998
1370297
1125509
1105156
1274399
1299987
1227066
1379298
1095304
1353503
1398546
1167354
1207478
1245795
1117053
1091638
1107912
1113486
1394624
1353127
1094407
1126336
1304867
1343114
1119422
1350321
1042541
1041672
1117146
1211161
1014309
1227284
1162512
1279242
1295758
1333786
1108359
1135272
1370631
1071511
1169631
1301759
1134724
1278226
1390760
1129918
1259936
1016665
1248501
1220555
1257807
1293964
1147386
1386400
1405944
1178125
1330993
1410778
1366582
1280143
1391885
1237869
1356449
1300039
1134625
1287135
1283873
1337930
1415056
1113493
1338065
1140734
1007431
1169935
1114013
1221121
1350350
1137396
1151181
1042841
1303500
1140913
1019364
1415759
1301687
1173574
1008307
1276915
1190949
1076810
1323356
1242548
1030733
1042923
1392321
1326855
1236143
1395143
1412871
1064938
1340856
1368407
1127386
1147117
1385940
1108796
1175727
1375924
1126806
1112565
1041262
1046637
1026057
1254313
1108766
1387694
1174705
1250348
1139959
1341337
1042211
1051116
1023700
1073432
1099002
1062755
1240943
1322844
1342094
1059100
1331478
1401437
1038477
1283227
1136699
1290501
1339773
1193820
1073525
1210799
1351300
1130950
1327577
1365150
1137689
1107583
1387436
1372062
1354136
1022266
1408300
1341605
1331429
1245732
1184483
1358839
1217165
1267746
1279131
1012697
1015398
1257423
1201753
1389682
1008872
1109572
1380048
1039712
1148720
1071046
1201549
1204354
1196547
1096432
1251656
1338668
1125664
1200873
1356826
1075889
1242753
1142744
1011571
1387375
1354604
1147641
1391174
1161874
1330975
1410566
1249486
1169656
1416345
1364016
1293388
1145403
1144167
1337629
1280412
1347243
1296887
1269201
1280996
1122066
1019829
1263984
1274487
1262448
1326034
1328624
1026908
1110331
1389222
1166072
1068402
1236500
1033225
1020498
1138976
1228840
1136093
1238510
1118271
1231843
1197974
1014565
1190714
1115583
1156130
1365285
1267550
1188828
1380639
1243142
1357682
1248584
1069660
1071305
1407829
1178486
1236399
1067204
1000605
1250647
1208530
1387344
1099334
1054142
1179161
1409958
1280506
1093126
1194149
1032003
1267966
1028926
1346459
1080256
1384003
1366238
1206915
1180923
1386320
1037745
1399725
1084807
1202457
1324962
1193331
1072960
1051562
1381125
1079140
1118169
1168807
1363691
1112858
1377853
1320857
1367939
1379639
1275333
1200662
1239931
1225180
1320750
1213052
1267439
1055293
1305860
1058781
1148340
1280879
1306846
1243604
1186552
1245758
1290460
1323713
1013008
1168627
1235529
1327864
1208504
1276424
1134368
1265225
1217885
1087543
1408985
1241975
1131212
1365379
1273033
1219259
1164195
1139376
1403850
1369362
1280731
1191734
1292275
1309604
1322709
1309945
1007243
1240940
1162797
1326790
1199273
1379395
1320225
1340858
1215155
1306982
1050304
1324322
1074977
1403493
1008234
1337898
1246352
1044256
1289151
1341971
1286591
1236322
1335527
1096378
1036913
1182361
1207213
1126675
1158528
1135148
1350446
1351602
1308146
1121429
1195385
1017744
1134732
1118481
1356899
1021421
1143449
1271210
1184295
1137888
1235121
1358170
1032836
1175152
1317656
1167374
1323492
1231902
1167434
1209108
1055202
1303372
1298913
1108523
1197436
1128930
1404494
1089541
1109556
1025898
1357985
1345299
1293822
1240410
1040954
1331855
1416438
1372113
1059045
1344610
1127038
1000648
1144370
1239012
1388970
1254014
1342450
1161235
1104752
1044305
1275948
1320853
1343513
1045445
1173811
1207453
1308902
1119500
1403721
1160166
1217397
1298074
1003743
1299467
1151423
1123139
1038452
1099628
1079806
1343302
1142073
1323182
1267332
1117947
1159758
1081620
1015956
1311506
1037556
1283651
1156056
1233852
1054193
1314541
1362503
1138932
1125736
1405873
1353091
1174279
1061208
1314898
1310960
1183970
1310802
1007043
1021800
1104429
1279161
1306192
1062552
1159393
1040743
1019358
1065790
1085606
1088981
1110423
1153688
1257836
1409987
1235535
1293142
1072204
1248002
1398366
1123327
1344197
1316096
1022394
1151043
1130934
1148767
1090754
1191027
1392872
1306984
1028866
1107724
1040400
1277375
1393708
1178036
1026006
1295927
1306460
1094582
1408454
1255106
1144309
1024693
1079882
1285595
1015703
1339051
1177120
1058954
1259945
1375257
1128335
1339312
1297860
1417269
1417042
1131836
1337744
1025384
1295828
1229391
1090622
1130739
1322700
1036293
1384496
1316826
1287625
1029131
1048787
1261118
1411642
1024657
1211230
1412293
1358818
1318823
1079138
1346345
1073070
1002827
1200672
1250578
1336744
1248483
1257420
1169452
1358196
1111392
1276824
1403683
1083893
1008386
1125383
1407112
1359271
1348348
1171858
1251299
1190647
1199607
1155844
1347332
1175730
1230074
1415188
1410699
1410406
1071738
1196450
1353902
1400071
1138558
1098019
1286569
1107446
1307317
1220125
1126985
1339006
1266825
1329256
1080571
1374089
1159227
1325031
1287178
1253823
1060679
1021699
1026477
1049765
1008592
1326895
1019888
1184564
1029353
1036916
1318228
1171561
1286530
1261276
1289331
1411771
1041966
1005272
1165228
1189289
1335662
1187386
1416019
1241755
1131244
1339239
1343735
1310917
1067411
1414510
1209080
1115365
1151948
1092217
1333895
1346797
1235162
1271299
1207077
1062177
1273767
1380605
1270599
1270141
1170346
1098626
1285554
1149822
1339721
1025019
1162915
1088953
1365308
1161945
1335201
1097934
1258138
1086697
1265288
1352556
1269550
1142109
1349726
1277195
1030344
1167252
1094946
1185619
1375523
1117645
1266153
1314760
1076405
1308538
1169716
1400409
1383804
1297883
1051609
1382494
1254623
1412821
1414426
1391312
1243474
1260381
1360281
1379342
1177585
1192166
1318198
1298810
1306920
1191686
1412157
1147147
1341847
1405616
1299636
1251171
1260483
1326613
1405120
1256080
1332131
1104148
1195746
1193651
1042485
1244694
1052534
1260253
1085388
1102470
1124208
1257893
1185863
1064005
1228687
1175483
1238163
1048991
1315618
1067872
1020509
1217551
1221888
1186757
1141922
1319218
1068609
1379993
1136704
1124421
1043260
1244366
1121358
1182734
1245331
1103310
1260905
1408610
1230445
1036689
1112023
1194414
1123861
1405538
1151403
1107330
1062482
1249312
1369839
1301918
1105569
1335340
1029570
1403975
1109916
1164512
1239524
1246979
1048634
1391028
1139177
1229982
1118462
1340796
1216905
1162679
1012886
1093553
1132979
1057500
1033574
1209504
1211746
1133090
1013801
1236210
1034179
1094595
1358492
1365628
1350421
1413319
1130133
1083408
1130927
1235950
1221413
1322496
1409204
1311520
1196288
1392813
1355720
1388495
1349820
1323816
1001026
1235856
1334203
1222973
1102306
1114405
1163701
1328002
1292373
1218798
1023403
1199673
1228784
1081034
1052582
1062558
1362698
1399637
1364061
1396734
1316570
1215757
1110473
1051141
1252894
1093261
1269462
1416002
1215547
1128715
1182757
1268691
1141730
1205104
1358634
1298369
1308543
1288248
1254303
1408210
1144293
1193520
1219124
1364248
1167117
1151122
1149904
1109914
1203294
1201424
1031472
1407391
1351891
1139839
1175881
1241094
1278444
1410562
1193443
1130547
1270436
1256244
1160233
1160194
1373767
1296304
1183862
1338951
1371197
1012652
1209293
1020025
1203410
1094369
1355593
1023078
1376082
1191275
1234968
1239873
1318402
1416285
1211819
1408313
1026860
1204572
1340724
1412915
1108510
1297090
1284511
1329050
1112529
1124129
1411123
1180383
1390540
1188009
1264216
1291221
1172139
1135584
1287655
1214663
1299010
1410012
1065172
1158829
1043600
1370511
1158261
1334563
1137416
1241238
1387079
1005411
1019480
1392115
1412807
1316002
1381474
1058262
1283123
1155917
1000670
1007682
1303741
1341816
1066547
1347997
1109580
1318432
1352027
1179688
1305457
1384977
1318810
1008200
1008676
1056612
1402241
1201766
1264681
1263755
1230862
1232857
1062281
1216970
1369243
1276910
1163092
1312682
1369706
1410530
1165596
1356078
1193262
1029467
1328967
1088602
1246659
1323547
1245013
1087735
1068265
1143709
1380198
1163817
1407532
1083914
1384752
1149475
1367789
1090730
1050648
1030194
1298273
1391375
1394512
1055624
1140088
1350084
1019687
1262504
1078164
1223179
1240835
1263018
1170699
1280635
1274718
1188875
1355484
1193247
1122560
1091333
1369662
1373336
1055400
1011232
1128202
1243757
1001105
1347746
1362959
1378222
1230763
1213370
1016640
1306373
1017522
1238897
1095572
1151120
1194622
1006785
1157773
1296125
1184954
1029679
1414499
1080852
1073116
1266817
1258482
1318948
1067691
1313090
1121107
1402304
1195516
1189138
1231889
1232032
1208151
1227950
1149215
1122635
1161693
1249423
1318431
1161217
1043016
1276056
1189910
1040302
1241110
1345240
1294012
1205069
1375048
1391892
1268891
1376412
1327568
1244253
1164944
1312902
1135740
1188687
1312778
1112524
1384759
1163676
1250534
1171202
1336990
1092391
1056190
1053720
1289668
1232048
1127677
1000265
1317290
1316714
1285228
1390531
1406766
1396602
1247539
1213292
1036727
1300837
1261482
1106741
1340525
1278487
1167917
1259237
1190905
1256545
1009669
1167537
1017566
1347462
1050303
1151016
1407071
1356698
1354755
1346982
1392033
1405403
1256280
1127912
1129295
1102685
1305953
1213499
1217423
1129895
1236134
1355986
1273462
1021274
1248931
1122557
1197411
1209172
1163646
1332423
1355387
1222721
1304566
1382507
1035301
1024924
1109949
1013152
1146374
1031651
1262257
1289644
1375743
1279713
1119886
1339255
1354355
1334225
1148471
1089639
1273470
1381084
1186213
1297817
1139758
1161804
1352978
1066974
1037313
1266419
1206648
1226656
1392741
1104668
1178620
1165453
1147866
1138301
1309780
1047943
1039834
1412826
1242324
1232997
1268201
1303973
1342769
1177991
1013757
1032063
1153925
1417427
1415394
1203817
1207017
1404361
1103734
1345034
1390013
1277288
1405380
1182207
1124482
1140522
1119868
1288440
1112572
1106929
1105921
1299576
1376480
1044252
1211021
1159527
1325584
1109721
1388573
1376609
1172148
1353920
1169487
1281856
1114828
1023109
1342933
1004087
1016899
1180850
1187306
1111625
1381186
1394661
1208875
1014470
1066682
1276937
1348848
1022802
1263032
1364142
1343911
1204902
1324429
1056744
1326508
1250666
1087920
1281708
1285784
1165797
1216445
1332627
1321520
1070342
1090675
1201501
1162106
1141755
1357578
1364538
1359426
1205929
1044617
1329995
1116053
1147306
1274361
1112036
1254507
1004717
1408731
1343038
1212448
1019999
1183863
1081753
1356882
1142209
1284063
1253816
1002138
1353843
1243896
1310052
1337138
1116816
1195847
1035595
1155206
1139541
1305324
1158778
1188733
1381022
1350899
1067354
1248362
1128681
1285063
1415100
1262945
1307252
1295540
1199664
1398529
1276300
1207896
1089155
1202655
1204641
1040066
1237400
1170188
1031682
1222267
1172347
1373334
1029526
1126799
1022080
1356039
1405972
1123461
1146510
1036529
1311776
1311018
1390181
1339541
1088364
1287357
1047823
1010222
1039000
1178445
1062785
1016772
1231003
1140748
1400022
1116958
1267215
1388896
1170806
1043280
1314893
1222333
1283837
1287150
1048929
1355144
1187097
1276456
1340944
1239165
1149405
1084209
1109315
1059745
1397626
1056426
1217840
1079384
1035306
1083994
1361989
1215150
1220619
1040600
1350271
1302594
1268450
1381995
1333364
1106328
1318286
1049637
1007070
1376670
1104168
1156889
1041432
1181190
1021626
1384659
1396466
1319159
1374652
1242362
1109502
1153299
1019644
1333758
1406281
1122666
1391173
1018921
1034732
1390851
1238579
1110016
1162563
1065443
1177850
1279081
1303507
1217704
1007067
1285356
1229020
1057937
1068659
1246358
1169513
1328608
1149728
1216850
1261700
1014443
1007285
1209501
1224001
1310470
1291304
1038845
1319872
1316015
1237268
1243033
1237241
1198980
1201969
1141646
1417215
1329634
1037990
1329264
1019716
1251602
1110973
1182039
1107977
1246230
1084122
1020651
1151850
1400395
1324130
1293908
1287619
1256482
1054410
1229157
1191438
1007641
1026121
1214154
1006206
1267810
1146338
1368748
1151921
1366886
1246923
1336165
1247294
1285358
1252715
1105747
1014714
1168557
1289909
1277067
1398537
1348339
1247292
1080896
1172622
1072572
1406009
1120369
1013877
1268982
1100342
1017945
1186543
1027329
1400691
1051464
1232519
1055808
1235073
1342250
1018930
1030229
1315245
1044555
1006131
1374624
1127431
1246181
1080545
1111047
1136815
1171496
1123179
1198120
1364795
1312923
1189571
1415375
1125389
1405092
1325974
1067379
1008833
1135645
1055010
1362773
1215236
1351915
1241162
1315593
1117435
1377225
1278779
1267748
1309906
1015425
1256453
1024111
1109098
1375033
1067590
1384638
1366472
1103760
1215733
1365735
1308990
1382479
1085000
1026511
1383226
1244675
1043412
1381055
1332779
1075205
1282481
1195523
1383050
1020421
1408814
1355557
1178384
1096150
1164501
1337749
1042363
1024572
1140686
1261997
1349943
1304230
1002131
1037131
1204974
1414084
1116987
1011634
1304639
1257710
1415719
1379892
1343632
1009464
1142537
1260540
1078818
1324959
1181233
1148139
1087930
1208153
1254907
1084200
1053554
1348855
1092261
1278015
1274953
1376840
1170864
1402259
1300911
1032437
1239288
1238042
1254638
1310302
1359589
1009199
1339675
1290984
1167797
1163986
1194151
1109782
1166990
1390838
1085160
1134529
1206154
1076355
1124515
1412253
1089134
1217788
1219572
1354957
1311184
1263951
1330657
1025725
1162689
1397502
1048125
1056000
1094859
1066418
1319680
1408630
1246342
1386005
1388594
1416572
1411761
1203150
1168263
1356454
1011260
1150254
1151052
1408914
1124730
1038722
1335784
1030504
1219636
1135073
1194750
1224946
1356635
1071934
1256610
1295704
1349837
1086722
1187559
1373505
1137680
1029876
1181972
1191615
1416093
1177948
1285695
1338532
1257530
1127396
1033114
1231332
1080442
1011881
1119949
1373102
1041108
1281947
1160271
1036183
1041583
1223166
1196776
1029896
1082244
1125836
1125161
1297269
1153035
1310366
1165451
1293059
1016833
1180761
1101909
1091691
1134617
1194646
1141204
1075207
1349664
1326361
1004992
1253659
1244009
1226084
1254350
1010170
1252781
1175755
1060173
1125063
1143942
1374027
1161667
1004293
1372275
1019483
1170710
1238875
1110463
1270531
1203100
1136449
1171770
1328651
1093091
1058941
1357910
1130255
1286579
1401435
1129927
1172178
1070808
1327431
1182526
1140639
1187972
1149612
1089562
1024751
1119695
1133289
1011313
1197547
1019275
1337757
1175067
1298625
1324950
1324765
1157225
1387802
1237423
1110205
1020556
1384559
1136429
1264436
1230852
1009933
1371712
1010662
1015635
1134791
1176516
1327356
1391903
1206901
1217199
1344675
1102839
1207230
1198841
1134591
1144553
1300688
1396685
1363777
1226320
1168574
1414180
1135531
1403620
1197843
1285130
1188588
1192447
1274103
1092756
1321166
1178633
1375610
1403405
1298041
1043408
1195165
1317588
1140316
1056734
1135248
1328963
1012818
1005801
1090350
1302408
1369843
1313690
1408882
1200326
1342135
1023727
1095766
1113671
1409268
1257083
1320984
1337776
1015546
1094501
1283178
1003030
1100653
1038028
1070444
1416862
1288900
1024273
1002862
1380347
1368152
1266421
1165235
1127496
1144884
1164997
1393667
1241466
1405751
1275369
1059619
1038934
1058544
1386442
1122426
1179435
1276077
1022572
1353418
1279535
1290054
1259981
1389324
1318281
1126074
1108303
1165220
1414670
1144340
1293116
1071235
1209962
1399929
1016276
1098553
1045391
1230679
1204537
1245898
1059961
1386073
1327998
1015371
1054824
1026870
1070988
1146763
1210203
1280300
1206829
1258399
1160787
1318629
1386795
1289260
1338718
1217323
1009508
1022496
1337211
1022969
1299167
1129098
1242493
1009462
1195229
1064726
1144300
1237675
1346896
1371148
1266540
1143948
1118507
1326178
1372821
1296868
1041204
1357586
1076551
1333551
1280956
1379221
1253251
1387760
1379955
1081705
1058608
1212371
1243466
1390135
1333317
1156348
1305870
1288851
1045342
1375572
1084570
1031554
1171155
1399040
1081901
1210530
1236034
1230273
1260666
1290064
1305832
1334474
1020272
1075005
1374653
1116202
1390180
1008953
1272951
1338773
1262215
1392241
1051771
1321403
1394280
1367502
1021574
1067493
1054795
1245602
1059025
1229540
1415932
1340326
1099726
1136228
1135253
1377129
1138020
1043207
1012011
1319421
1064108
1382174
1341583
1039526
1035128
1188019
1023253
1394295
1310767
1122199
1135629
1105553
1126850
1278513
1141910
1348068
1053171
1222706
1196048
1255729
1116467
1082195
1048739
1088871
1118085
1401735
1031951
1318210
1391259
1111042
1037022
1382899
1250464
1179556
1051475
1134321
1394249
1151726
1391460
1041670
1229944
1323215
1205954
1335138
1379856
1336877
1262126
1046607
1380297
1291336
1415481
1023777
1197891
1346923
1386034
1279664
1226604
1156526
1323990
1122561
1364149
1298228
1148640
1205765
1032753
1275299
1376851
1159843
1144294
1027770
1047674
1157252
1066865
1035946
1334546
1037283
1067738
1048183
1411037
1143789
1309090
1197288
1293151
1383391
1241294
1044255
1146517
1390778
1264143
1001739
1363711
1108236
1341401
1095841
1232841
1334890
1163133
1059005
1305697
1063071
1321381
1159674
1035681
1269119
1302350
1064374
1193592
1374135
1242307
1088023
1120584
1343079
1179226
1123729
1403974
1237339
1210899
1050103
1043641
1191439
1024013
1294232
1405775
1185161
1057126
1107996
1362856
1266143
1005028
1298860
1321298
1049451
1139181
1222085
1082564
1249719
1386750
1286111
1030300
1227257
1095726
1149140
1362751
1132088
1058220
1407740
1369542
1075896
1109637
1071228
1327402
1139323
1277663
1276864
1189789
1028303
1204965
1347185
1403793
1127306
1324594
1246641
1010679
1214441
1368830
1317598
1291089
1396296
1169346
1407283
1244034
1318760
1383520
1362210
1149518
1064422
1363185
1159066
1196931
1308442
1217383
1140354
1147743
1067037
1295681
1071057
1211867
1105826
1402184
1033811
1328413
1115953
1243323
1148578
1349830
1336453
1321852
1044904
1089882
1067815
1192092
1171558
1195796
1071049
1033116
1346465
1138021
1002603
1009070
1007148
1170932
1344297
1413166
1404075
1224045
1242666
1238450
1338878
1023954
1135284
1359084
1367931
1390219
1407792
1067103
1112153
1333122
1029647
1088136
1278995
1002361
1010733
1318925
1011937
1217171
1173613
1008720
1394020
1004802
1042647
1395607
1301593
1329849
1070322
1346637
1285765
1017775
1373728
1250208
1153973
1245395
1225958
1299996
1317426
1244656
1160388
1377976
1370417
1023453
1236698
1376377
1205853
1163112
1408045
1124531
1234127
1127658
1004474
1091665
1341796
1153465
1169412
1401289
1008299
1407897
1412064
1413366
1018162
1171677
1360718
1008004
1252192
1158838
1153150
1320588
1119856
1261798
1028258
1387085
1173381
1336107
1403462
1413538
1354725
1296150
1128606
1343203
1039419
1228600
1396972
1341841
1288864
1233977
1239293
1410661
1005596
1129074
1215456
1053270
1275462
1194539
1109462
1382367
1067559
1270383
1009109
1070814
1061418
1105235
1030832
1164525
1179957
1315904
1282532
1273597
1275854
1106819
1166370
1416545
1273938
1175705
1139519
1382936
1099634
1015396
1248431
1416965
1383499
1252114
1286700
1100312
1230222
1335763
1213660
1238279
1394276
1028139
1310152
1023485
1389419
1054840
1037559
1114780
1168672
1260069
1056407
1250968
1033397
1167875
1049750
1152551
1155121
1025396
1165728
1244913
1308802
1214678
1183826
1091318
1200392
1178251
1350416
1040077
1314397
1183694
1347984
1269770
1381947
1320683
1309274
1198016
1164563
1224097
1189719
1305410
1107745
1274681
1187277
1107104
1351594
1337993
1389724
1194359
1244126
1373990
1254904
1405101
1374500
1323315
1105171
1036630
1190110
1296401
1415480
1026311
1283578
1156420
1114503
1406487
1261370
1357412
1311933
1170788
1275967
1270939
1263460
1229286
1359744
1057848
1231727
1370658
1148760
1066755
1133082
1375212
1189246
1360043
1002920
1378942
1184063
1302281
1335194
1277302
1100896
1188715
1010687
1192879
1411663
1292474
1127074
1235406
1070725
1119627
1181522
1019588
1288780
1035361
1179909
1261425
1288798
1090431
1062697
1319628
1242605
1326547
1298544
1358903
1054300
1212470
1184750
1071973
1171779
1321156
1068958
1407044
1092186
1388030
1160969
1102959
1136192
1150941
1212500
1156680
1257059
1046562
1396866
1074921
1201041
1356785
1068580
1399463
1286059
1278643
1084452
1170094
1164498
1214370
1211360
1359416
1098188
1042222
1403074
1043282
1387177
1350193
1248330
1404357
1233761
1276895
1038374
1314645
1346037
1198814
1261365
1384789
1018524
1325333
1178497
1200291
1348734
1123774
1416112
1102561
1010897
1000461
